terminals
who*0 0 0 0 1 0 0
boy*0 1 0 0 0 0 0
girl*0 1 0 0 0 0 0
cat*0 1 0 0 0 0 0
dog*0 1 0 0 0 0 0
John*1 0 0 0 0 0 0
Mary*0.9 0 0 0 0 0 0
chases*0 0 0 1 0 0 0
feeds*0 0 0 1 0 0 0
lives*0 0 1 0 0 0 0
walks*0 0 1 0 0 0 0
nonterminals
S*0 0 0 0 0 0 1
NP*1 1 0 0 0 0 0
VP*0 0 1 0 0 0 0
RC1*0 0 0 0 0 1 0
RC2*0 0 0 0 0 1 0
productions
S*1 1 0 0 0 0 0*0 0 1 0 0 0 0
NP*0 1 0 0 0 0 0*0 0 0 0 0 1 0
VP*0 0 0 1 0 0 0*1 1 0 0 0 0 0
RC1*0 0 0 0 1 0 0*0 0 1 0 0 0 0
RC2*0 0 0 0 1 0 0*1 1 0 0 0 0 0*0 0 0 1 0 0 0