terminals
feeds*0.104463 0 0 0 0.001459 0.916574 0 0 0.00844 0 0 0 0.032116 0 0 0 0 0 0 0.384544 0 0 0 0 0 0 0 0 0 0 0 0 0 0 0
cat*0 0 0 0 0.721945 0 0 0 0 0 0 0 0 0.69195 0 0 0 0 0 0 0 0 0 0 0 0 0 0 0 0 0 0 0 0 0
girl*0 0 0 0 0.418547 0 0 0 0 0 0 0 0 0.198078 0 0 0 0 0.886331 0 0 0 0 0 0 0 0 0 0 0 0 0 0 0 0
walks*0 0 0 0 0 1 0 0 0 0 0 0 0 0 0 0 0 0 0 0.000007 0 0 0 0 0 0 0 0 0 0 0 0 0 0 0
Mary*0 0.593274 0 0 0 0 0 0 0 0 0 0 0 0 0 0 0 0 0.805001 0 0 0 0 0 0 0 0 0 0 0 0 0 0 0 0
chases*0 0 0 0 0 0.888491 0 0 0.000509 0 0 0 0 0 0 0 0 0 0 0.458894 0 0 0 0 0 0 0 0 0 0 0 0 0 0 0
lives*0 0 0 0.000009 0 1 0 0 0 0 0 0 0 0 0 0 0 0 0 0 0 0 0 0 0 0 0 0 0 0 0 0 0 0 0
John*0 0.448327 0 0 0 0 0 0 0 0 0 0 0 0 0 0 0 0 0.89387 0 0 0 0 0 0 0 0 0 0 0 0 0 0 0 0
dog*0 0.102008 0 0 0.525313 0 0 0 0 0 0 0 0 0 0 0 0 0 0.844772 0 0 0 0 0 0 0 0 0 0 0 0 0 0 0 0
boy*0 0 0 0 0 0 0 0 0 0.024968 0 0 0 0 0 0 0 0 0.999688 0 0 0 0 0 0 0 0 0 0 0 0 0 0 0 0
who*0 0 0 0 0.36754 0.58547 0 0 0 0 0 0 0 0 0 0 0 0 0.000136 0.722592 0 0 0 0 0 0 0 0 0 0 0 0 0 0 0
nonterminals
X_8*0.151095 0.266511 0.237725 0.259371 0.250667 0.227696 0.218678 0.027467 0.141204 0.142154 0.033262 0.070641 0.108743 0.022232 0.192128 0.035492 0.037487 0.240834 0.033699 0.243764 0.260621 0.17332 0.206736 0.003178 0.250876 0.214532 0.0194 0.008881 0.166297 0.151395 0.034338 0.006086 0.162417 0.03473 0.269992
X_7*0.000003 0.102422 0.000003 0.000002 0.937026 0.000088 0.000002 0.000001 0 0.000002 0.000004 0 0.000003 0.000004 0.000003 0.000001 0.000005 0.000004 0.273546 0.191478 0.000005 0.000002 0.000004 0.000001 0.000002 0 0.000005 0.000005 0.000005 0.000005 0.000001 0.000004 0.000003 0.000002 0.000004
X_9*0.263253 0.132783 0.015271 0.142965 0.046537 0.166691 0.106261 0.320901 0.131501 0.089681 0.266002 0.002018 0.063073 0.195126 0.210478 0.170085 0.125883 0.109859 0.186754 0.028676 0.022932 0.004458 0.12502 0.282525 0.253841 0.321667 0.054802 0.096814 0.04356 0.10313 0.136406 0.134913 0.251529 0.257922 0.13331
X_12*0.032075 0.197249 0.247738 0.109179 0.176281 0.224852 0.128677 0.080327 0.062083 0.001704 0.119059 0.222101 0.259951 0.18054 0.213371 0.123261 0.263474 0.260841 0.043004 0.117791 0.114767 0.267597 0.039015 0.153725 0.151479 0.196121 0.139105 0.070367 0.037699 0.109362 0.235716 0.168287 0.235729 0.226531 0.030029
X_13*0.189739 0.13689 0.216425 0.044173 0.252052 0.065323 0.061728 0.184634 0.084941 0.257381 0.113324 0.267066 0.015955 0.064281 0.131514 0.044121 0.049007 0.135917 0.009469 0.269513 0.049548 0.201788 0.190494 0.252629 0.192978 0.044841 0.188765 0.272797 0.085036 0.196071 0.190029 0.259839 0.095458 0.254027 0.019619
X_14*0.034949 0.259637 0.046798 0.114066 0.161917 0.038368 0.038738 0.225888 0.236607 0.081821 0.247223 0.257101 0.221868 0.023066 0.025179 0.248085 0.200884 0.100036 0.105497 0.234237 0.143308 0.099717 0.137218 0.123065 0.058065 0.240654 0.247728 0.171384 0.050796 0.22428 0.166749 0.230489 0.171408 0.069654 0.182292
X_1*0 0.113204 0 0 0.478168 0.870942 0 0 0 0 0 0 0 0 0 0 0 0 0 0.000957 0 0 0 0 0 0 0 0 0 0 0 0 0 0 0
X_15*0.058615 0.244449 0.05119 0.258767 0.238268 0.082454 0.061868 0.204823 0.049451 0.045391 0.30178 0.115608 0.213912 0.128809 0.262015 0.051799 0.049386 0.00766 0.004056 0.210342 0.096957 0.044289 0.286412 0.088906 0.23558 0.068878 0.268225 0.010448 0.273764 0.297073 0.075337 0.132762 0.045118 0.212911 0.032095
X_2*0.081488 0.013951 0.191684 0.094892 0.037119 0.144682 0.236514 0.195447 0.064888 0.031687 0.165683 0.240238 0.514056 0.279054 0.090486 0.26276 0.077138 0.08007 0.126057 0.113817 0.061197 0.200402 0.134865 0.031156 0.004397 0.238322 0.083505 0.06272 0.135967 0.251786 0.034126 0.138087 0.185419 0.055481 0.098308
X_3*0 0 0 0 0.983005 0 0 0 0 0 0 0 0.167798 0 0 0 0 0 0 0.074462 0 0 0 0 0 0 0 0 0 0 0 0 0 0 0
X_4*0.181472 0.060385 0.152812 0.058161 0.309142 0.102289 0.130953 0.05228 0.047312 0.013424 0.06003 0.140654 0.282398 0.233677 0.273572 0.067318 0.326188 0.195713 0.128714 0.107463 0.046758 0.018922 0.023389 0.180478 0.005634 0.127353 0.086033 0.000016 0.302798 0.1886 0.14614 0.158659 0.259436 0.304654 0.072112
X_5*0.002705 0.001993 0.001162 0.001699 0.001294 0.877116 0.000527 0.001132 0.001772 0.001537 0.001099 0.00152 0.001174 0.141865 0.002748 0.001291 0.002346 0.001297 0.027402 0.457915 0.002014 0.001776 0.002079 0.001549 0.000204 0.002343 0.000911 0.000212 0.002767 0.000358 0.002069 0.002479 0.002642 0.002775 0.002646
X_6*0.206303 0.021272 0.220391 0.246647 0.038589 0.019586 0.22512 0.069248 0.1134 0.216104 0.122047 0.166697 0.14158 0.11017 0.13599 0.160021 0.194305 0.090172 0.000811 0.055138 0.116839 0.195684 0.142373 0.26362 0.106234 0.116689 0.257685 0.019135 0.251922 0.22284 0.172161 0.19653 0.232424 0.175575 0.251333
TOP*0 0 0 0 0 0 0 0 0 0 0 0 0 0 0 0 0 0 0 0 0 0 0 0 0 0 0 0 0 0 0 0 0 0 0
X_10*0.116679 0.000684 0 0 0 0.993116 0 0 0 0 0 0 0.010274 0 0 0 0 0 0 0 0 0 0 0 0 0 0 0 0 0 0 0 0 0 0
X_11*0.201589 0.284914 0.139461 0.157526 0.205145 0.038829 0.026348 0.274233 0.202886 0.192126 0.001744 0.023112 0.120338 0.1466 0.051187 0.290218 0.161554 0.221892 0.224608 0.00373 0.090224 0.005029 0.00614 0.120566 0.035632 0.052602 0.256414 0.272263 0.082849 0.173834 0.159576 0.235421 0.015177 0.16361 0.274922
productions
X_8*0 0 0 0 0 0 0 0 0 0 0 0 0 0 1 0 0 0 0 0 0 0 0 0 0 0 0 0 0 0 0 0 0 0 0*0 0 0 0 0 0 0 0 0 0 0 0 0 0 0 1 0 0 0 0 0 0 0 0 0 0 0 0 0 0 0 0 0 0 0
X_7*0 0 0 0 0 0 0 0 0 0 0 0 1 0 0 0 0 0 0 0 0 0 0 0 0 0 0 0 0 0 0 0 0 0 0*0 0 0 0 0 0 0 0 0 0 0 0 0 1 0 0 0 0 0 0 0 0 0 0 0 0 0 0 0 0 0 0 0 0 0
X_9*0 0 0 0 0 0 0 0 0 0 0 0 0 0 0 0 1 0 0 0 0 0 0 0 0 0 0 0 0 0 0 0 0 0 0*0 0 0 0 0 0 0 0 0 0 0 0 0 0 0 0 0 1 0 0 0 0 0 0 0 0 0 0 0 0 0 0 0 0 0
X_12*0 0 0 0 0 0 0 0 0 0 0 0 0 0 0 0 0 0 0 0 0 0 0 1 0 0 0 0 0 0 0 0 0 0 0*0 0 0 0 0 0 0 0 0 0 0 0 0 0 0 0 0 0 0 0 0 0 0 0 1 0 0 0 0 0 0 0 0 0 0*0 0 0 0 0 0 0 0 0 0 0 0 0 0 0 0 0 0 0 0 0 0 0 0 0 1 0 0 0 0 0 0 0 0 0
X_13*0 0 0 0 0 0 0 0 0 0 0 0 0 0 0 0 0 0 0 0 0 0 0 0 0 0 1 0 0 0 0 0 0 0 0*0 0 0 0 0 0 0 0 0 0 0 0 0 0 0 0 0 0 0 0 0 0 0 0 0 0 0 1 0 0 0 0 0 0 0*0 0 0 0 0 0 0 0 0 0 0 0 0 0 0 0 0 0 0 0 0 0 0 0 0 0 0 0 1 0 0 0 0 0 0
X_14*0 0 0 0 0 0 0 0 0 0 0 0 0 0 0 0 0 0 0 0 0 0 0 0 0 0 0 0 0 1 0 0 0 0 0*0 0 0 0 0 0 0 0 0 0 0 0 0 0 0 0 0 0 0 0 0 0 0 0 0 0 0 0 0 0 1 0 0 0 0*0 0 0 0 0 0 0 0 0 0 0 0 0 0 0 0 0 0 0 0 0 0 0 0 0 0 0 0 0 0 0 1 0 0 0
X_1*1 0 0 0 0 0 0 0 0 0 0 0 0 0 0 0 0 0 0 0 0 0 0 0 0 0 0 0 0 0 0 0 0 0 0*0 1 0 0 0 0 0 0 0 0 0 0 0 0 0 0 0 0 0 0 0 0 0 0 0 0 0 0 0 0 0 0 0 0 0
X_15*0 0 0 0 0 0 0 0 0 0 0 0 0 0 0 0 0 0 0 0 0 0 0 0 0 0 0 0 0 0 0 0 1 0 0*0 0 0 0 0 0 0 0 0 0 0 0 0 0 0 0 0 0 0 0 0 0 0 0 0 0 0 0 0 0 0 0 0 1 0*0 0 0 0 0 0 0 0 0 0 0 0 0 0 0 0 0 0 0 0 0 0 0 0 0 0 0 0 0 0 0 0 0 0 1
X_2*0 0 1 0 0 0 0 0 0 0 0 0 0 0 0 0 0 0 0 0 0 0 0 0 0 0 0 0 0 0 0 0 0 0 0*0 0 0 1 0 0 0 0 0 0 0 0 0 0 0 0 0 0 0 0 0 0 0 0 0 0 0 0 0 0 0 0 0 0 0
X_3*0 0 0 0 1 0 0 0 0 0 0 0 0 0 0 0 0 0 0 0 0 0 0 0 0 0 0 0 0 0 0 0 0 0 0*0 0 0 0 0 1 0 0 0 0 0 0 0 0 0 0 0 0 0 0 0 0 0 0 0 0 0 0 0 0 0 0 0 0 0
X_4*0 0 0 0 0 0 1 0 0 0 0 0 0 0 0 0 0 0 0 0 0 0 0 0 0 0 0 0 0 0 0 0 0 0 0*0 0 0 0 0 0 0 1 0 0 0 0 0 0 0 0 0 0 0 0 0 0 0 0 0 0 0 0 0 0 0 0 0 0 0
X_5*0 0 0 0 0 0 0 0 1 0 0 0 0 0 0 0 0 0 0 0 0 0 0 0 0 0 0 0 0 0 0 0 0 0 0*0 0 0 0 0 0 0 0 0 1 0 0 0 0 0 0 0 0 0 0 0 0 0 0 0 0 0 0 0 0 0 0 0 0 0
X_6*0 0 0 0 0 0 0 0 0 0 1 0 0 0 0 0 0 0 0 0 0 0 0 0 0 0 0 0 0 0 0 0 0 0 0*0 0 0 0 0 0 0 0 0 0 0 1 0 0 0 0 0 0 0 0 0 0 0 0 0 0 0 0 0 0 0 0 0 0 0
TOP*0 0 0 0 0 0 0 0 0 0 0 0 0 0 0 0 0 0 0 0 0 0 0 0 0 0 0 0 0 0 0 0 0 0 0
X_10*0 0 0 0 0 0 0 0 0 0 0 0 0 0 0 0 0 0 1 0 0 0 0 0 0 0 0 0 0 0 0 0 0 0 0*0 0 0 0 0 0 0 0 0 0 0 0 0 0 0 0 0 0 0 1 0 0 0 0 0 0 0 0 0 0 0 0 0 0 0
X_11*0 0 0 0 0 0 0 0 0 0 0 0 0 0 0 0 0 0 0 0 1 0 0 0 0 0 0 0 0 0 0 0 0 0 0*0 0 0 0 0 0 0 0 0 0 0 0 0 0 0 0 0 0 0 0 0 1 0 0 0 0 0 0 0 0 0 0 0 0 0*0 0 0 0 0 0 0 0 0 0 0 0 0 0 0 0 0 0 0 0 0 0 1 0 0 0 0 0 0 0 0 0 0 0 0
