terminals
feeds*0 0 0.397896 0 0 0 0 0 0 0 0.894043 0 0 0 0 0 0 0 0 0 0 0 0 0 0 0.205831 0 0 0 0
cat*0.694727 0 0.41956 0 0.33241 0 0 0.0972 0 0 0 0.306847 0 0 0 0 0 0 0.351025 0 0 0 0 0 0.063286 0 0 0 0 0
walks*0 0.035558 0 0.497413 0 0 0 0 0 0 0 0 0 0 0 0 0 0 0 0.866785 0 0 0 0 0 0 0 0 0 0
girl*0.34274 0 0.320729 0 0.563465 0 0 0.056465 0 0 0 0.463713 0 0 0 0 0 0 0.489961 0 0 0 0 0 0.062365 0 0 0 0 0
Mary*0 0 0 0 0 0 0 0.084219 0 0 0 0.356112 0 0 0 0 0 0 0.905161 0 0 0 0 0 0.216277 0 0 0 0 0
chases*0 0 0.657831 0 0 0 0.183207 0 0 0 0.568853 0 0 0 0 0 0 0 0 0 0 0 0 0 0 0.458367 0 0 0 0
lives*0 0 0 0.615092 0 0 0 0 0 0 0 0 0 0 0 0 0 0 0 0.788456 0 0 0 0 0 0 0 0 0 0
John*0 0 0 0.389431 0 0 0 0.032981 0 0 0 0.342122 0 0 0 0 0 0 0.805685 0 0 0 0 0 0.284747 0 0 0 0 0
dog*0.933528 0 0.11536 0 0.143913 0 0 0.022297 0 0 0 0.187612 0 0 0 0 0 0 0.0755 0 0 0 0 0 0.230458 0 0 0 0 0
boy*0.548961 0 0.352355 0 0.298456 0 0 0.059719 0 0 0 0.523456 0 0 0 0 0 0 0.391717 0 0 0 0 0 0.233233 0 0 0 0 0
who*0 0 0.935937 0 0 0 0 0 0 0 0 0 0 0 0 0 0 0 0 0 0 0 0 0.352169 0 0 0 0 0 0
nonterminals
X_8*0.005329 0.005329 0.005329 0.005329 0.005329 0.005329 0.005329 0.005329 0.005329 0.005329 0.005329 0.005329 0.005329 0.005329 0.005329 0.005329 0.011473 0.061665 0.005329 0.997599 0.005329 0.005329 0.005329 0.005329 0.005329 0.005329 0.005329 0.005329 0.005329 0.011154
X_7*0.236095 0.099312 0.099312 0.678761 0.099312 0.099312 0.099312 0.099312 0.099312 0.099312 0.099312 0.267852 0.099312 0.213748 0.099312 0.099312 0.099312 0.099312 0.099312 0.099312 0.099312 0.099312 0.099312 0.099312 0.099312 0.099312 0.099312 0.099312 0.099312 0.34574
X_9*0.004897 0.004897 0.004897 0.004897 0.004897 0.004897 0.004897 0.004897 0.004897 0.004897 0.004897 0.004897 0.004897 0.004897 0.004897 0.004897 0.004897 0.004897 0.724028 0.01985 0.004897 0.004897 0.004897 0.004897 0.004897 0.004897 0.004897 0.004897 0.004897 0.689015
X_12*0 0.410772 0 0.707686 0 0.574845 0 0 0 0 0 0 0 0 0 0 0 0 0 0 0 0 0 0 0 0 0 0 0 0
X_13*0.13609 0.13609 0.13609 0.632789 0.13609 0.284618 0.13609 0.13609 0.13609 0.13609 0.13609 0.13609 0.13609 0.13609 0.13609 0.13609 0.13609 0.13609 0.13609 0.13609 0.13609 0.13609 0.13609 0.13609 0.13609 0.13609 0.13609 0.13609 0.13609 0.13609
START*0 0 0 0 0 0 0 0 0 0 0 0 0 0 0 0 0 0 0 0 0 0 0 0 0 0 0 0 0 0
X_1*0 0 0 0 0 0 0 0 0 0 0 0 0 0 0 0 0 0 0.581243 0 0 0 0 0 0 0 0 0 0 0.81373
X_2*0 0.478666 0 0.6996 0 0.154486 0 0 0 0 0 0 0 0 0 0 0 0 0 0.507517 0 0 0 0 0 0 0 0 0 0
X_3*0 0 0 0 0 0 0 0 0 0 0 0 0 0 0 0 0 0 0.688654 0 0 0 0 0 0 0 0 0 0 0.72509
X_4*0 0 0 0.273068 0 0 0 0 0 0 0 0 0 0 0 0 0 0 0 0.961995 0 0 0 0 0 0 0 0 0 0
X_5*0.09666 0.09666 0.09666 0.408559 0.208314 0.09666 0.09666 0.09666 0.09666 0.219517 0.09666 0.09666 0.09666 0.09666 0.09666 0.09666 0.09666 0.213545 0.09666 0.656243 0.09666 0.09666 0.09666 0.09666 0.09666 0.09666 0.09666 0.09666 0.09666 0.202496
X_6*0 0.388937 0 0.328443 0 0.025087 0 0 0 0 0 0 0 0 0 0 0 0 0 0.860363 0 0 0 0 0 0 0 0 0 0
X_10*0 0 0 0 0 0 0 0 0 0 0 0 0 0 0 0 0 0 0 0 0 0 0 0 0 0 0 0 0 1
X_11*0.182574 0.182574 0.182574 0.182574 0.182574 0.182574 0.182574 0.182574 0.182574 0.182574 0.182574 0.182574 0.182574 0.182574 0.182574 0.182574 0.182574 0.182574 0.182574 0.182574 0.182574 0.182574 0.182574 0.182574 0.182574 0.182574 0.182574 0.182574 0.182574 0.182574
productions
X_8*0 0 0 0 0 0 0 0 0 0 0 0 0 0 1 0 0 0 0 0 0 0 0 0 0 0 0 0 0 0*0 0 0 0 0 0 0 0 0 0 0 0 0 0 0 1 0 0 0 0 0 0 0 0 0 0 0 0 0 0
X_7*0 0 0 0 0 0 0 0 0 0 0 0 1 0 0 0 0 0 0 0 0 0 0 0 0 0 0 0 0 0*0 0 0 0 0 0 0 0 0 0 0 0 0 1 0 0 0 0 0 0 0 0 0 0 0 0 0 0 0 0
X_9*0 0 0 0 0 0 0 0 0 0 0 0 0 0 0 0 1 0 0 0 0 0 0 0 0 0 0 0 0 0*0 0 0 0 0 0 0 0 0 0 0 0 0 0 0 0 0 1 0 0 0 0 0 0 0 0 0 0 0 0
X_12*0 0 0 0 0 0 0 0 0 0 0 0 0 0 0 0 0 0 0 0 0 0 0 1 0 0 0 0 0 0*0 0 0 0 0 0 0 0 0 0 0 0 0 0 0 0 0 0 0 0 0 0 0 0 1 0 0 0 0 0*0 0 0 0 0 0 0 0 0 0 0 0 0 0 0 0 0 0 0 0 0 0 0 0 0 1 0 0 0 0
X_13*0 0 0 0 0 0 0 0 0 0 0 0 0 0 0 0 0 0 0 0 0 0 0 0 0 0 1 0 0 0*0 0 0 0 0 0 0 0 0 0 0 0 0 0 0 0 0 0 0 0 0 0 0 0 0 0 0 1 0 0*0 0 0 0 0 0 0 0 0 0 0 0 0 0 0 0 0 0 0 0 0 0 0 0 0 0 0 0 1 0
START*0 0 0 0 0 0 0 0 0 0 0 0 0 0 0 0 0 0 0 0 0 0 0 0 0 0 0 0 0 0*0 0 0 0 0 0 0 0 0 0 0 0 0 0 0 0 0 0 0 0 0 0 0 0 0 0 0 0 0 1
X_1*1 0 0 0 0 0 0 0 0 0 0 0 0 0 0 0 0 0 0 0 0 0 0 0 0 0 0 0 0 0*0 1 0 0 0 0 0 0 0 0 0 0 0 0 0 0 0 0 0 0 0 0 0 0 0 0 0 0 0 0
X_2*0 0 1 0 0 0 0 0 0 0 0 0 0 0 0 0 0 0 0 0 0 0 0 0 0 0 0 0 0 0*0 0 0 1 0 0 0 0 0 0 0 0 0 0 0 0 0 0 0 0 0 0 0 0 0 0 0 0 0 0
X_3*0 0 0 0 1 0 0 0 0 0 0 0 0 0 0 0 0 0 0 0 0 0 0 0 0 0 0 0 0 0*0 0 0 0 0 1 0 0 0 0 0 0 0 0 0 0 0 0 0 0 0 0 0 0 0 0 0 0 0 0
X_4*0 0 0 0 0 0 1 0 0 0 0 0 0 0 0 0 0 0 0 0 0 0 0 0 0 0 0 0 0 0*0 0 0 0 0 0 0 1 0 0 0 0 0 0 0 0 0 0 0 0 0 0 0 0 0 0 0 0 0 0
X_5*0 0 0 0 0 0 0 0 1 0 0 0 0 0 0 0 0 0 0 0 0 0 0 0 0 0 0 0 0 0*0 0 0 0 0 0 0 0 0 1 0 0 0 0 0 0 0 0 0 0 0 0 0 0 0 0 0 0 0 0
X_6*0 0 0 0 0 0 0 0 0 0 1 0 0 0 0 0 0 0 0 0 0 0 0 0 0 0 0 0 0 0*0 0 0 0 0 0 0 0 0 0 0 1 0 0 0 0 0 0 0 0 0 0 0 0 0 0 0 0 0 0
X_10*0 0 0 0 0 0 0 0 0 0 0 0 0 0 0 0 0 0 1 0 0 0 0 0 0 0 0 0 0 0*0 0 0 0 0 0 0 0 0 0 0 0 0 0 0 0 0 0 0 1 0 0 0 0 0 0 0 0 0 0
X_11*0 0 0 0 0 0 0 0 0 0 0 0 0 0 0 0 0 0 0 0 1 0 0 0 0 0 0 0 0 0*0 0 0 0 0 0 0 0 0 0 0 0 0 0 0 0 0 0 0 0 0 1 0 0 0 0 0 0 0 0*0 0 0 0 0 0 0 0 0 0 0 0 0 0 0 0 0 0 0 0 0 0 1 0 0 0 0 0 0 0
