terminals
feeds*0 0 0 0 0 0 0 0 0 0 0 0 0.983053 0 0 0 0 0 0 0 0 0 0 0 0 0.183322 0 0 0 0
cat*0.000041 0 0.38077 0 0.035687 0 0 0 0.127772 0 0.601024 0.000029 0.15104 0.500478 0.114852 0 0.371331 0.00004 0 0 0 0 0 0 0.227632 0 0 0 0 0
girl*0 0 0.132762 0 0 0 0 0 0.108817 0 0.756477 0 0.099619 0.449168 0 0 0.393009 0.000005 0 0 0 0 0 0 0.179288 0 0 0 0 0
walks*0 0 0 0 0 0.545168 0 0 0 0 0 0.699993 0 0 0 0 0 0.455768 0 0.071251 0 0 0 0 0 0 0 0 0 0
chases*0 0 0 0 0 0 0 0 0 0 0 0 0.965973 0 0 0 0 0 0 0 0 0 0 0 0 0.258642 0 0 0 0
Mary*0 0 0 0 0.20701 0 0 0 0 0 0 0 0 0.827737 0.281003 0 0.366223 0.000003 0 0 0 0 0 0 0.242728 0 0 0 0 0
lives*0 0.768922 0 0 0 0.366712 0 0 0 0 0 0 0 0 0 0 0 0.523718 0 0 0 0 0 0 0 0 0 0 0 0
John*0 0 0.072383 0 0.331271 0 0 0 0 0 0 0.000229 0 0.819957 0.09922 0 0.423271 0.000135 0 0 0 0 0 0 0.153907 0 0 0 0 0
dog*0.000001 0 0.409487 0 0 0 0 0 0.316489 0 0.507696 0.001031 0.149341 0.418061 0 0 0.458301 0.000136 0 0 0 0 0 0 0.259386 0 0 0 0 0
boy*0.000031 0 0.502773 0 0.058396 0 0 0 0 0 0.636375 0 0.22661 0.477532 0 0 0.196993 0.000001 0 0 0 0 0 0 0.143669 0 0 0 0 0
who*0.840847 0 0 0 0 0 0 0 0 0 0.41345 0 0 0 0 0 0 0 0 0 0 0 0 0.349335 0 0 0 0 0 0
nonterminals
X_8*0.000008 0.000003 0.000003 0.000003 0.07486 0.074473 0.000089 0.000051 0.000003 0.000003 0.000003 0.000094 0.000047 0.000094 0.000003 0.000003 0.000021 0.000012 0.074894 0.000003 0.000003 0.000003 0.000003 0.000003 0.000003 0.000003 0.000003 0.000003 0.000003 0.991585
X_7*0 0.388664 0 0.18266 0.000001 0.057623 0.000034 0.256141 0 0.019654 0 0.232766 0 0.475686 0 0.242276 0 0.638049 0 0 0 0 0 0 0 0 0 0 0 0.000035
X_9*0 0 0 0 0.155467 0 0 0 0 0 0 0 0 0 0 0 0 0 0 0 0 0 0 0 0 0 0 0 0 0.987841
X_12*0 0.000003 0 0.714985 0 0 0 0.000001 0 0.331656 0 0.579425 0 0.161971 0 0.074893 0 0.105946 0 0 0 0 0 0 0 0 0 0 0 0
X_13*0.182574 0.182574 0.182574 0.182574 0.182574 0.182574 0.182574 0.182574 0.182574 0.182574 0.182574 0.182574 0.182574 0.182574 0.182574 0.182574 0.182574 0.182574 0.182574 0.182574 0.182574 0.182574 0.182574 0.182574 0.182574 0.182574 0.182574 0.182574 0.182574 0.182574
START*0 0 0 0 0 0 0 0 0 0 0 0 0 0 0 0 0 0 0 0 0 0 0 0 0 0 0 0 0 0
X_1*0 0 0 0.259212 0.000167 0.000001 0.000001 0 0 0.073786 0 0.913793 0 0.192203 0 0 0.000009 0.235382 0 0 0 0 0 0 0 0 0 0 0 0.000173
X_2*0 0 0 0 0.375904 0 0.283518 0 0 0 0 0 0 0 0 0 0 0 0 0 0 0 0 0 0 0 0 0 0 0.882221
X_3*0 0 0 0 0 0 0 0 0 0 0 0 0 0 0 0 0 0 0 0 0 0 0 0 0 0 0 0 0 1
X_4*0 0.000001 0 0 0.000001 0 0 0 0 0 0 0 0 0 0 0 0.000005 0.000001 0 0.000001 0 0 0 0 0 0 0 0 0 1
X_5*0 0 0 0 0.093345 0 0.392415 0 0 0 0 0 0 0 0 0 0.341113 0 0 0 0 0 0 0 0.074891 0 0 0 0 0.845772
X_6*0 0 0 0.028646 0 0 0 0 0 0.026724 0 0.116015 0 0.1988 0 0 0.620591 0.081891 0 0 0 0 0 0 0 0 0 0 0 0.744073
X_10*0.056314 0.056314 0.129411 0.056314 0.174306 0.130889 0.056314 0.056314 0.056314 0.30104 0.209967 0.056314 0.056314 0.056314 0.056314 0.056314 0.056314 0.056314 0.056314 0.056314 0.056314 0.056314 0.056314 0.056314 0.056314 0.056314 0.056314 0.056314 0.056314 0.851421
X_11*0.173095 0.173095 0.173095 0.173095 0.173095 0.173095 0.173095 0.173095 0.173095 0.362091 0.173095 0.173095 0.173095 0.173095 0.173095 0.173095 0.173095 0.173095 0.173095 0.173095 0.173095 0.173095 0.173095 0.173095 0.173095 0.173095 0.173095 0.173095 0.173095 0.173095
productions
X_8*0 0 0 0 0 0 0 0 0 0 0 0 0 0 1 0 0 0 0 0 0 0 0 0 0 0 0 0 0 0*0 0 0 0 0 0 0 0 0 0 0 0 0 0 0 1 0 0 0 0 0 0 0 0 0 0 0 0 0 0
X_7*0 0 0 0 0 0 0 0 0 0 0 0 1 0 0 0 0 0 0 0 0 0 0 0 0 0 0 0 0 0*0 0 0 0 0 0 0 0 0 0 0 0 0 1 0 0 0 0 0 0 0 0 0 0 0 0 0 0 0 0
X_9*0 0 0 0 0 0 0 0 0 0 0 0 0 0 0 0 1 0 0 0 0 0 0 0 0 0 0 0 0 0*0 0 0 0 0 0 0 0 0 0 0 0 0 0 0 0 0 1 0 0 0 0 0 0 0 0 0 0 0 0
X_12*0 0 0 0 0 0 0 0 0 0 0 0 0 0 0 0 0 0 0 0 0 0 0 1 0 0 0 0 0 0*0 0 0 0 0 0 0 0 0 0 0 0 0 0 0 0 0 0 0 0 0 0 0 0 1 0 0 0 0 0*0 0 0 0 0 0 0 0 0 0 0 0 0 0 0 0 0 0 0 0 0 0 0 0 0 1 0 0 0 0
X_13*0 0 0 0 0 0 0 0 0 0 0 0 0 0 0 0 0 0 0 0 0 0 0 0 0 0 1 0 0 0*0 0 0 0 0 0 0 0 0 0 0 0 0 0 0 0 0 0 0 0 0 0 0 0 0 0 0 1 0 0*0 0 0 0 0 0 0 0 0 0 0 0 0 0 0 0 0 0 0 0 0 0 0 0 0 0 0 0 1 0
START*0 0 0 0 0 0 0 0 0 0 0 0 0 0 0 0 0 0 0 0 0 0 0 0 0 0 0 0 0 0*0 0 0 0 0 0 0 0 0 0 0 0 0 0 0 0 0 0 0 0 0 0 0 0 0 0 0 0 0 1
X_1*1 0 0 0 0 0 0 0 0 0 0 0 0 0 0 0 0 0 0 0 0 0 0 0 0 0 0 0 0 0*0 1 0 0 0 0 0 0 0 0 0 0 0 0 0 0 0 0 0 0 0 0 0 0 0 0 0 0 0 0
X_2*0 0 1 0 0 0 0 0 0 0 0 0 0 0 0 0 0 0 0 0 0 0 0 0 0 0 0 0 0 0*0 0 0 1 0 0 0 0 0 0 0 0 0 0 0 0 0 0 0 0 0 0 0 0 0 0 0 0 0 0
X_3*0 0 0 0 1 0 0 0 0 0 0 0 0 0 0 0 0 0 0 0 0 0 0 0 0 0 0 0 0 0*0 0 0 0 0 1 0 0 0 0 0 0 0 0 0 0 0 0 0 0 0 0 0 0 0 0 0 0 0 0
X_4*0 0 0 0 0 0 1 0 0 0 0 0 0 0 0 0 0 0 0 0 0 0 0 0 0 0 0 0 0 0*0 0 0 0 0 0 0 1 0 0 0 0 0 0 0 0 0 0 0 0 0 0 0 0 0 0 0 0 0 0
X_5*0 0 0 0 0 0 0 0 1 0 0 0 0 0 0 0 0 0 0 0 0 0 0 0 0 0 0 0 0 0*0 0 0 0 0 0 0 0 0 1 0 0 0 0 0 0 0 0 0 0 0 0 0 0 0 0 0 0 0 0
X_6*0 0 0 0 0 0 0 0 0 0 1 0 0 0 0 0 0 0 0 0 0 0 0 0 0 0 0 0 0 0*0 0 0 0 0 0 0 0 0 0 0 1 0 0 0 0 0 0 0 0 0 0 0 0 0 0 0 0 0 0
X_10*0 0 0 0 0 0 0 0 0 0 0 0 0 0 0 0 0 0 1 0 0 0 0 0 0 0 0 0 0 0*0 0 0 0 0 0 0 0 0 0 0 0 0 0 0 0 0 0 0 1 0 0 0 0 0 0 0 0 0 0
X_11*0 0 0 0 0 0 0 0 0 0 0 0 0 0 0 0 0 0 0 0 1 0 0 0 0 0 0 0 0 0*0 0 0 0 0 0 0 0 0 0 0 0 0 0 0 0 0 0 0 0 0 1 0 0 0 0 0 0 0 0*0 0 0 0 0 0 0 0 0 0 0 0 0 0 0 0 0 0 0 0 0 0 1 0 0 0 0 0 0 0
