terminals
feeds*0.152354 0.006254 0.161266 0.000027 0.120803 0.397029 0.101986 0.06028 0
cat*0.628355 0.179231 0 0 0.147855 0.000019 0.04454 0 0
girl*0.760318 0.027489 0.001301 0 0.139349 0 0.019882 0.05166 0
walks*0 0.032948 0 0 0.127126 0.839926 0 0 0
Mary*0.000131 0.304871 0 0 0.606164 0 0.088835 0 0
chases*0.305562 0.010013 0.099124 0 0.203481 0.16735 0.012793 0.201678 0
lives*0 0.00841 0 0.006022 0.899713 0.085669 0.000187 0 0
John*0.09321 0.010299 0 0 0.536106 0.086023 0.066582 0.207781 0
.*0 0.125436 0 0.416908 0 0.186514 0 0.271142 0
dog*0.793144 0.039073 0 0 0.051675 0 0.005605 0.110503 0
boy*0.417387 0.016835 0 0.000361 0.42156 0.096906 0.046903 0.000049 0
who*0.035015 0.00084 0 0 0.964145 0 0 0 0
nonterminals
X1*0.104802 0.139723 0.205883 0.024995 0.073653 0.048462 0.111252 0.001667 0.289562
X2*0.033272 0.000602 0.020623 0.366903 0.00089 0.002955 0.036323 0.173159 0.365274
START*0 0 0 0 0 0 0 0 0
X3*0.073227 0.158865 0.194553 0.156233 0.237968 0.063971 0.081861 0.030769 0.002552
X4*0 0.273994 0.000006 0.038058 0 0.000529 0.123765 0.288174 0.275473
productions
feeds*1 0 0 0 0 0 0 0 0 0 0 0
X1*1 0 0 0 0 0 0 0 0*0.122991 0.104436 0.000001 0.042837 0.06947 0.049458 0.000538 0.008821 0.029667 0.057308 0.00177 0.512704*0 1 0 0 0 0 0 0 0
X2*0 0 1 0 0 0 0 0 0*0.000515 0.070856 0 0.066485 0.000149 0 0.000016 0.000002 0.09581 0.616086 0.150081 0*0 0 0 1 0 0 0 0 0
cat*0 1 0 0 0 0 0 0 0 0 0 0
X3*0 0 0 0 1 0 0 0 0*0.302775 0.040166 0.037713 0.003064 0.095569 0.014544 0.098756 0.049882 0.048787 0.07102 0.149056 0.088668*0 0 0 0 0 1 0 0 0
X4*0 0 0 0 0 0 1 0 0*0.09325 0 0 0.036012 0.270023 0 0 0.106542 0.102574 0.391586 0.000012 0*0 0 0 0 0 0 0 1 0
chases*0 0 0 0 1 0 0 0 0 0 0 0
Mary*0 0 0 0 0 1 0 0 0 0 0 0
John*0 0 0 0 0 0 0 1 0 0 0 0
.*0 0 0 0 0 0 0 0 0 1 0 0
who*0 0 0 0 0 0 0 0 0 0 0 1
START*0 0 0 0 0 0 0 0 0*0 0.252319 0 0.072926 0 0.06754 0 0.045453 0.264613 0 0.297149 0*0 0 0 0 0 0 0 0 1
walks*0 0 1 0 0 0 0 0 0 0 0 0
girl*0 0 0 1 0 0 0 0 0 0 0 0
lives*0 0 0 0 0 0 1 0 0 0 0 0
dog*0 0 0 0 0 0 0 0 1 0 0 0
boy*0 0 0 0 0 0 0 0 0 0 1 0
conditional project and attach counts
goalSlotPlusLC*attachment*X1*START*X2*X3*X4
X4_slot3@dog*25*2*0*0*0*0
X1_slot3@X3*143*6*0*2*0*72
X1_slot3@X4*241*0*0*1*0*39
X1_slot3@X1*105*20*0*5*1*71
X1_slot3@X2*25*4*0*13*0*7
X1_slot3@.*51*0*0*0*0*0
X1_slot3@who*5*60*0*5*617*1
X4_slot3@feeds*32*2*0*1*0*0
X2_slot3@chases*1*2*0*0*0*2
X2_slot3@girl*0*29*0*0*10*2
X2_slot3@walks*0*0*0*0*3*0
X1_slot3@boy*19*1*0*0*13*0
X1_slot3@chases*8*12*0*46*28*31
START_slot3@Mary*0*1*0*0*62*0
X1_slot3@walks*13*0*0*2*0*1
START_slot3@John*0*2*0*0*56*2
X3_slot3@cat*1*6*0*0*57*1
START_slot3@dog*0*160*0*0*0*0
X3_slot3@Mary*0*0*0*0*104*7
X3_slot3@boy*27*2*0*0*49*13
X3_slot3@who*5*0*0*17*63*2
X4_slot3@boy*2*0*0*0*0*0
X1_slot3@dog*21*26*0*0*7*0
X2_slot3@who*0*1*0*1*0*0
X3_slot3@walks*141*0*0*3*18*0
X1_slot3@lives*5*0*0*3*24*0
X1_slot3@John*13*5*0*0*26*4
X2_slot3@feeds*1*0*0*0*1*2
X2_slot3@lives*9*0*0*0*0*4
X3_slot3@girl*0*10*0*1*62*8
START_slot3@boy*0*55*0*3*90*0
START_slot3@girl*0*178*0*0*4*0
X2_slot3@.*256*0*0*0*0*0
X3_slot3@dog*0*39*0*0*41*6
X3_slot3@.*227*0*0*0*0*0
X4_slot3@cat*2*0*0*0*0*0
X1_slot3@feeds*24*52*0*2*18*45
X2_slot3@boy*4*55*0*1*7*0
X4_slot3@X1*6*89*0*52*21*48
X4_slot3@girl*18*0*0*0*1*0
X4_slot3@Mary*0*1*0*0*0*0
X3_slot3@chases*104*221*0*10*54*7
X2_slot3@X4*8*0*0*5*0*0
X2_slot3@dog*0*30*0*0*2*4
X3_slot3@feeds*169*53*0*68*107*7
X4_slot3@X4*249*1*0*0*0*1
X2_slot3@X1*37*18*0*21*8*16
X1_slot3@girl*6*42*0*0*1*0
X4_slot3@X2*80*0*0*0*1*0
X2_slot3@X2*311*1*0*1*0*0
X4_slot3@.*246*0*0*0*0*0
X4_slot3@X3*17*5*0*14*87*0
X2_slot3@X3*170*0*0*0*0*1
START_slot3@X1*217*1*0*13*6*3
X1_slot3@cat*19*75*0*3*0*2
X3_slot3@lives*13*0*0*2*124*0
START_slot3@X3*27*1*0*25*14*2
X4_slot3@lives*1*0*0*0*0*0
X1_slot3@Mary*92*1*0*0*0*11
START_slot3@X2*300*2*0*10*16*12
START_slot3@X4*236*0*0*3*6*6
X4_slot3@John*47*0*0*0*0*0
X4_slot3@chases*77*1*0*0*3*0
X3_slot3@John*16*0*0*0*63*6
X2_slot3@John*0*0*0*0*18*3
X3_slot3@X1*12*0*0*1*15*4
X3_slot3@X2*14*0*0*0*0*0
X2_slot3@cat*0*6*0*0*11*5
X3_slot3@X3*64*10*0*136*0*0
X3_slot3@X4*3*0*0*0*0*3
START_slot3@cat*0*152*0*0*15*0
conditional shift counts
goalPlusNonT*feeds*cat*walks*girl*chases*Mary*lives*John*dog*.*boy*who
X2_slot3@X2_slot2*4*22*3*41*5*0*13*21*36*256*67*2
X3_slot3@X3_slot2*404*65*162*81*396*111*139*85*86*227*91*87
X4_slot3@X4_slot2*35*2*0*19*81*1*1*47*27*246*2*0
X1_slot3@X1_slot2*141*99*16*49*125*104*32*48*54*51*33*688
START_slot3@START_slot2*0*167*0*182*0*63*0*60*160*0*148*0
