terminals
feeds*0.085115 0.176868 0.00028 0.059597 0 0 0 0 0.021499 0 0.163271 0.092607 0 0 0.400763 0 0
cat*0.053947 0.000709 0.04513 0.076183 0.002739 0 0.771373 0 0.000039 0 0.009127 0.014824 0.000904 0 0 0.025025 0
walks*0 0 0.22437 0.05673 0 0 0 0 0.41609 0 0.136869 0.002134 0.163808 0 0 0 0
girl*0.052515 0.000019 0.173303 0.003291 0.000079 0 0.613882 0 0.073829 0 0.010469 0.031276 0.000147 0 0.011129 0.030062 0
Mary*0.212081 0.135187 0.230835 0.06375 0.051194 0 0.043897 0.02958 0.055051 0 0.106266 0.052544 0.006204 0 0 0.013412 0
chases*0.082056 0.057062 0.014596 0.01367 0.035957 0.081522 0 0.021017 0.006345 0 0.248766 0.081845 0 0 0.357164 0 0
lives*0.037071 0 0.092981 0.043869 0 0 0 0.073709 0.183071 0 0.278809 0.269144 0.021346 0 0 0 0
John*0.121013 0.022655 0.219064 0.182756 0.056718 0 0 0 0.068742 0 0.148794 0.071017 0.000238 0 0 0.109004 0
.*0 0.033794 0 0.089027 0 0.301755 0 0.045924 0 0.36861 0 0 0 0.16089 0 0 0
dog*0.010898 0 0.042666 0.098311 0.000759 0 0.782 0 0.003631 0 0.00105 0.033377 0.00135 0 0 0.025958 0
boy*0.001682 0.021795 0.074652 0.006629 0.012761 0 0.749679 0 0.015575 0 0.107115 0.004511 0.001871 0 0.000225 0.003507 0
who*0 0 0.108833 0.000282 0 0 0.00276 0.013987 0 0 0.874137 0 0 0 0 0 0
nonterminals
X1*0.03054 0.125063 0.082598 0 0.041158 0.07952 0 0.058983 0.000006 0 0.137961 0 0 0 0.097857 0.329199 0.017115
X2*0.139573 0.000024 0.254421 0.047219 0.117965 0 0.012732 0.156017 0.001823 0 0 0.039324 0.061774 0 0 0.113025 0.056102
START*0 0 0 0 0 0 0 0 0 0 0 0 0 0 0 0 0
X3*0.014205 0 0.07308 0 0 0.077096 0.017517 0.178359 0 0.023888 0 0 0 0 0 0.055941 0.559913
X4*0.000004 0.000006 0.013391 0.098722 0.04241 0 0.032205 0 0.028891 0 0.048197 0 0.034521 0 0 0.072128 0.629525
X5*0.009793 0.000159 0 0 0 0.071114 0 0.000197 0 0.000001 0 0.000002 0 0.668544 0 0.248921 0.001269
X6*0.174446 0 0.226953 0 0.165683 0.024196 0 0.059103 0.007676 0 0.041665 0.252698 0.00024 0 0.04734 0 0
X7*0 0.006468 0 0 0 0 0 0.275588 0 0 0 0 0 0 0 0.045535 0.672408
X8*0.009109 0.157011 0.023172 0 0.132048 0.09294 0 0 0.090286 0.006691 0 0 0.145776 0 0 0 0.342968
productions
feeds*1 0 0 0 0 0 0 0 0 0 0 0
X1*1 0 0 0 0 0 0 0 0 0 0 0 0 0 0 0 0*0.551907 0.000694 0.00001 0 0.166997 0.109742 0 0.029397 0 0.117216 0.024037 0*0 1 0 0 0 0 0 0 0 0 0 0 0 0 0 0 0
X2*0 0 1 0 0 0 0 0 0 0 0 0 0 0 0 0 0*0.314036 0.059062 0.000162 0.084094 0.243229 0.008863 0.010895 0.113325 0.055449 0.108199 0.000797 0.001887*0 0 0 1 0 0 0 0 0 0 0 0 0 0 0 0 0
cat*0 1 0 0 0 0 0 0 0 0 0 0
X3*0 0 0 0 1 0 0 0 0 0 0 0 0 0 0 0 0*0 0 0 0 0.138158 0 0 0 0 0.861842 0 0*0 0 0 0 0 1 0 0 0 0 0 0 0 0 0 0 0
X4*0 0 0 0 0 0 1 0 0 0 0 0 0 0 0 0 0*0 0 0 0 0.002568 0.001791 0.01547 0 0 0.035861 0 0.944311*0 0 0 0 0 0 0 1 0 0 0 0 0 0 0 0 0
chases*0 0 0 0 1 0 0 0 0 0 0 0
Mary*0 0 0 0 0 1 0 0 0 0 0 0
X5*0 0 0 0 0 0 0 0 1 0 0 0 0 0 0 0 0*0 0 0 0 0 0 0.033812 0 0 0.966188 0 0*0 0 0 0 0 0 0 0 0 1 0 0 0 0 0 0 0
X6*0 0 0 0 0 0 0 0 0 0 1 0 0 0 0 0 0*0.20215 0.027498 0.032565 0.135668 0.088137 0.035369 0.345954 0.092768 0.001703 0 0.038188 0*0 0 0 0 0 0 0 0 0 0 0 1 0 0 0 0 0
X7*0 0 0 0 0 0 0 0 0 0 0 0 1 0 0 0 0*0 0 0 0 0 0 0 0 0 1 0 0*0 0 0 0 0 0 0 0 0 0 0 0 0 1 0 0 0
John*0 0 0 0 0 0 0 1 0 0 0 0
.*0 0 0 0 0 0 0 0 0 1 0 0
who*0 0 0 0 0 0 0 0 0 0 0 1
START*0 0 0 0 0 0 0 0 0 0 0 0 0 0 0 0 0*0 0.293189 0.290353 0 0 0.016811 0 0.062569 0.164439 0 0.172638 0*0 0 0 0 0 0 0 0 0 0 0 0 0 0 0 0 1
girl*0 0 1 0 0 0 0 0 0 0 0 0
walks*0 0 0 1 0 0 0 0 0 0 0 0
lives*0 0 0 0 0 0 1 0 0 0 0 0
X8*0 0 0 0 0 0 0 0 0 0 0 0 0 0 1 0 0*0 0.062729 0.273942 0 0 0.020269 0 0.290171 0.189185 0 0.158406 0.005298*0 0 0 0 0 0 0 0 0 0 0 0 0 0 0 1 0
dog*0 0 0 0 0 0 0 0 1 0 0 0
boy*0 0 0 0 0 0 0 0 0 0 1 0
conditional project and attach counts
goalSlotPlusLC*attachment*X1*START*X2*X3*X4*X5*X6*X7*X8
X8_slot3@X1*48*14*0*8*5*0*0*23*0*2
X8_slot3@X2*10*0*0*0*0*0*0*0*0*0
X8_slot3@X3*9*1*0*3*0*1*0*0*0*0
X1_slot3@.*72*0*0*0*0*0*0*0*0*0
X8_slot3@X4*13*1*0*0*1*1*2*6*2*0
X8_slot3@X5*39*0*0*0*0*0*0*0*0*0
X8_slot3@X6*0*0*0*4*0*0*6*0*0*0
X4_slot3@walks*0*0*0*0*0*0*0*0*1*0
X8_slot3@X7*195*0*0*0*0*0*0*0*0*0
X8_slot3@X8*0*0*0*0*0*0*0*0*3*0
X2_slot3@girl*1*0*0*0*0*0*0*0*0*0
X6_slot3@cat*7*7*0*13*0*3*2*11*0*0
X6_slot3@dog*21*13*0*2*0*2*0*4*0*0
X1_slot3@chases*19*5*0*0*3*0*1*6*0*53
X6_slot3@boy*8*2*0*2*0*15*1*26*0*0
X8_slot3@boy*14*1*0*8*2*17*4*0*8*6
X2_slot3@Mary*8*0*0*0*0*0*0*0*0*0
X1_slot3@John*2*0*0*0*14*0*0*0*15*0
X2_slot3@feeds*3*52*0*2*0*0*0*17*0*130
START_slot3@girl*0*6*0*90*0*93*1*3*0*23
X4_slot3@X1*26*8*0*0*1*4*9*0*0*3
X7_slot3@X2*0*8*0*0*0*0*0*0*0*0
X4_slot3@girl*0*0*0*0*0*0*0*0*0*1
X7_slot3@X1*0*0*0*0*0*0*2*0*0*0
X4_slot3@X8*0*0*0*9*0*0*51*0*0*0
X4_slot3@X6*22*7*0*1*0*0*0*0*0*0
X4_slot3@X7*28*0*0*0*0*0*0*0*0*0
X7_slot3@X5*104*0*0*0*0*0*0*0*0*0
X4_slot3@X5*60*1*0*0*0*0*0*0*0*0
X1_slot3@girl*3*0*0*0*0*5*0*1*1*0
X4_slot3@X2*72*0*0*5*0*0*24*0*2*0
X4_slot3@X3*162*0*0*0*0*0*0*0*0*0
X1_slot3@X5*27*0*0*0*0*0*0*0*0*0
X1_slot3@X6*0*51*0*10*0*1*0*0*0*2
X1_slot3@X4*3*0*0*2*0*1*0*0*0*0
X1_slot3@X1*72*1*0*0*0*0*0*0*0*0
X1_slot3@X2*8*13*0*8*2*1*0*1*0*0
X8_slot3@John*26*0*0*29*11*0*8*0*0*0
X6_slot3@chases*42*1*0*5*0*0*0*60*0*25
X8_slot3@girl*14*0*0*12*11*23*16*2*4*3
X1_slot3@X8*34*0*0*0*0*0*0*0*0*0
X1_slot3@X7*62*0*0*0*0*0*0*0*0*0
X1_slot3@boy*7*0*0*0*5*3*0*0*0*0
X6_slot3@lives*109*0*0*26*0*0*46*28*23*0
START_slot3@Mary*0*20*0*133*0*1*0*23*0*0
X1_slot3@walks*2*0*0*0*0*0*0*0*1*0
START_slot3@John*0*11*0*120*0*5*2*47*0*0
START_slot3@dog*0*0*0*73*0*123*0*10*0*1
X3_slot3@boy*0*0*0*0*0*1*0*0*0*0
X2_slot3@who*2*1*0*2*0*0*1*3*0*0
X6_slot3@.*2*0*0*0*0*0*0*0*0*0
X2_slot3@lives*124*1*0*2*0*0*1*0*2*0
X8_slot3@cat*6*10*0*0*18*47*1*0*0*0
X7_slot3@.*303*0*0*0*0*0*0*0*0*0
X8_slot3@who*0*0*0*15*0*2*1*19*2*0
X5_slot3@chases*0*0*0*0*0*0*0*0*0*9
X5_slot3@.*383*0*0*0*0*0*0*0*0*0
X5_slot3@X5*10*0*0*0*0*0*0*0*0*0
X5_slot3@X3*18*0*0*0*0*0*0*0*0*0
X5_slot3@X8*3*1*0*0*13*0*11*0*0*0
X3_slot3@chases*5*0*0*0*0*0*0*0*0*0
X6_slot3@feeds*37*20*0*0*0*2*0*69*0*52
X5_slot3@X2*1*0*0*0*0*0*0*0*0*0
START_slot3@X1*126*6*0*0*4*0*2*0*0*3
X1_slot3@cat*3*0*0*0*0*0*1*0*1*0
START_slot3@X3*208*0*0*0*1*0*0*0*0*0
X1_slot3@Mary*28*0*0*2*0*0*0*0*19*0
START_slot3@X2*24*0*0*8*110*0*87*1*0*1
X4_slot3@lives*18*0*0*0*0*0*0*0*36*0
START_slot3@X5*124*0*0*1*0*0*1*0*0*0
START_slot3@X4*339*0*0*3*18*0*0*0*1*0
X5_slot3@lives*0*1*0*1*0*0*0*0*0*0
START_slot3@X7*122*0*0*0*0*0*0*0*0*0
START_slot3@X6*0*0*0*108*11*0*36*0*4*0
X3_slot3@X5*39*0*0*0*0*0*0*0*0*0
X3_slot3@X6*12*3*0*18*0*0*0*6*0*1
START_slot3@X8*229*0*0*0*19*0*0*0*13*0
X3_slot3@X8*8*0*0*0*0*0*0*0*0*0
X2_slot3@John*11*0*0*0*0*0*0*0*0*0
X3_slot3@X1*39*0*0*0*0*0*0*0*0*0
X3_slot3@X3*3*0*0*0*0*0*0*0*0*0
X5_slot3@dog*0*0*0*0*0*0*0*1*0*0
X2_slot3@chases*14*45*0*2*0*0*2*4*0*156
X2_slot3@walks*107*0*0*0*0*0*1*0*146*0
X8_slot3@dog*12*1*0*2*28*48*4*1*4*6
X6_slot3@X8*2*9*0*0*0*0*0*0*0*2
X6_slot3@X6*109*0*0*2*0*0*1*0*0*0
X6_slot3@X5*8*0*0*0*0*0*0*0*0*0
X6_slot3@X4*2*0*0*0*0*0*0*0*0*0
X6_slot3@X2*10*0*0*0*0*0*0*0*0*0
X6_slot3@X1*0*1*0*0*0*2*0*3*0*1
X7_slot3@lives*0*0*0*0*0*1*1*0*0*0
X8_slot3@walks*1*0*0*0*0*0*0*0*0*0
X5_slot3@girl*0*0*0*0*0*1*0*0*0*0
X3_slot3@.*299*0*0*0*0*0*0*0*0*0
X2_slot3@boy*2*0*0*0*0*0*0*1*0*0
X4_slot3@Mary*1*0*0*0*0*1*0*3*0*0
X2_slot3@X4*14*0*0*0*0*0*0*0*0*0
X2_slot3@dog*7*0*0*1*0*0*0*0*0*0
X2_slot3@X5*1*0*0*0*0*0*0*0*0*0
X2_slot3@X6*0*0*0*0*0*0*0*0*0*1
X2_slot3@X2*10*0*0*0*0*0*0*0*0*0
X6_slot3@who*0*0*0*0*0*0*0*1*0*0
X4_slot3@chases*2*0*0*0*0*0*0*0*0*1
X2_slot3@cat*3*0*0*0*0*1*0*0*0*0
X6_slot3@John*24*9*0*0*0*0*1*34*0*0
X5_slot3@who*0*0*0*0*0*1*0*0*0*0
X8_slot3@Mary*20*2*0*0*24*0*8*0*1*0
X6_slot3@girl*12*14*0*2*0*7*0*9*9*1
X4_slot3@who*4*0*0*16*0*3*1*531*0*0
X6_slot3@walks*2*1*0*49*0*0*53*28*5*0
X3_slot3@walks*0*0*0*0*0*0*0*0*1*0
START_slot3@boy*0*11*0*65*2*117*1*5*0*1
X2_slot3@.*99*0*0*0*0*0*0*0*0*0
X3_slot3@dog*1*0*0*0*0*0*0*0*0*0
X1_slot3@feeds*71*0*0*0*0*0*6*8*0*23
X8_slot3@feeds*0*0*0*1*0*0*0*4*0*1
X4_slot3@.*14*0*0*0*0*0*0*0*0*0
X3_slot3@lives*0*0*0*0*0*0*0*0*1*0
X6_slot3@Mary*21*21*0*10*5*1*0*22*0*0
START_slot3@cat*0*0*0*79*0*99*1*6*0*0
conditional shift counts
goalPlusNonT*feeds*cat*girl*walks*chases*Mary*lives*John*dog*.*boy*who
X2_slot3@X2_slot2*204*4*1*254*223*8*130*11*8*99*3*9
X3_slot3@X3_slot2*0*0*0*1*5*0*1*0*1*299*1*0
X4_slot3@X4_slot2*0*0*1*1*3*5*54*0*0*14*0*555
X8_slot3@X8_slot2*6*82*85*1*0*55*0*74*106*0*60*39
X1_slot3@X1_slot2*108*5*10*3*87*49*0*31*0*72*15*0
X7_slot3@X7_slot2*0*0*0*0*0*0*2*0*0*303*0*0
X6_slot3@X6_slot2*180*43*54*138*133*80*232*68*42*2*54*1
X5_slot3@X5_slot2*0*0*1*0*9*0*2*0*1*383*0*1
START_slot3@START_slot2*0*185*216*0*0*177*0*185*207*0*202*0
