terminals
feeds*0 0 0.817999 0 0.000001 0 0 0 0 0 0 0 0.265922 0 0 0 0 0 0 0 0 0 0.365936 0 0 0.309788 0 0 0.174025 0 0 0 0 0 0 0
cat*0.399882 0.000009 0.000009 0.141116 0.000009 0.000009 0.000009 0.000009 0.094333 0.000009 0.000009 0.19703 0.864101 0.000009 0.133482 0.000009 0.000009 0.000009 0.000123 0.000009 0.000009 0.089 0.000009 0.000009 0.000009 0.000009 0.000009 0.007225 0.000009 0.000009 0.000009 0.000009 0.000009 0.000009 0.000009 0.000009
girl*0.001927 0.000014 0.00003 0.143946 0.000014 0.000014 0.00142 0.000014 0.000014 0.000014 0.89783 0.160542 0.000014 0.000014 0.000014 0.000014 0.000014 0.000014 0.342296 0.000014 0.000014 0.151437 0.000014 0.000014 0.000014 0.000014 0.000014 0.085447 0.000014 0.000014 0.000014 0.000014 0.000014 0.000014 0.000014 0.000014
walks*0.000001 0.000016 0.000001 0.000001 0.000001 0.000003 0.000001 0.000028 0.000001 0.434295 0.000001 0.000001 0.000001 0.000002 0.000001 0.83199 0.000001 0.000149 0.000001 0.345224 0.000001 0.000001 0.000001 0.000001 0.000001 0.000001 0.000001 0.000001 0.000001 0.000001 0.000001 0.000001 0.000001 0.000001 0.000001 0.000001
chases*0 0 0.597592 0 0 0 0 0 0 0 0.603951 0 0 0 0 0 0 0 0 0 0 0 0.525575 0 0 0.043564 0 0 0.000163 0 0 0 0 0 0 0
Mary*0.000027 0.000027 0.000027 0.866001 0.000663 0.000155 0.000066 0.000027 0.000027 0.000027 0.000027 0.000027 0.000027 0.0002 0.000027 0.000027 0.048389 0.000027 0.330293 0.000086 0.000027 0.310929 0.000027 0.000027 0.204766 0.000027 0.000027 0.000027 0.000027 0.000027 0.000027 0.000027 0.000027 0.000027 0.000027 0.000027
lives*0.000003 0.124894 0.000003 0.000003 0.000003 0.000003 0.000003 0.102674 0.000003 0.000008 0.000003 0.000003 0.000003 0.000007 0.000003 0.761291 0.000003 0.62793 0.000003 0.000003 0.000003 0.000003 0.000003 0.000003 0.000003 0.000003 0.000003 0.000003 0.000003 0.000003 0.000003 0.000003 0.000003 0.000003 0.000003 0.000003
John*0.000004 0.000004 0.000004 0.000004 0.00002 0.000004 0.489323 0.000004 0.05228 0.000004 0.000004 0.460347 0.000004 0.332346 0.000004 0.000004 0.000038 0.000004 0.00001 0.000004 0.000004 0.652628 0.000004 0.000004 0.000004 0.000004 0.000004 0.097634 0.000004 0.000004 0.000004 0.000004 0.000004 0.000011 0.000004 0.000004
dog*0.000051 0.000051 0.000051 0.266904 0.000156 0.000114 0.000051 0.000051 0.493527 0.000051 0.238899 0.110086 0.724553 0.000051 0.181633 0.000051 0.008087 0.000051 0.000051 0.000153 0.000051 0.225489 0.000051 0.000051 0.084398 0.000051 0.000051 0.000051 0.000051 0.000051 0.000051 0.000051 0.000051 0.000145 0.000051 0.000051
boy*0.21108 0.000037 0.000037 0.385765 0.564579 0.000037 0.000037 0.000037 0.004076 0.000037 0.000037 0.000037 0.559855 0.000037 0.311835 0.000037 0.000037 0.000037 0.000394 0.000037 0.000037 0.183596 0.000037 0.000037 0.208464 0.000037 0.000037 0.00459 0.000037 0.000037 0.000037 0.000037 0.000037 0.000037 0.000037 0.000037
who*0 0 0 0 0 0 0 0 0 0 0 0 0 0 0.885457 0 0 0 0 0 0.443202 0 0 0.124482 0 0 0.063579 0 0 0 0 0 0 0 0 0
nonterminals
X_8*0.007346 0.142187 0.000001 0.037109 0.000001 0.188223 0.000004 0.000001 0.000001 0.000001 0.000001 0.390695 0.000001 0.871464 0.000001 0.147834 0.000484 0.000001 0.000001 0.094742 0.000001 0.000001 0.000001 0.000001 0.000001 0.000001 0.000001 0.000001 0.000001 0.000001 0.000001 0.000001 0.000001 0.000001 0.000001 0.000001
X_7*0.321129 0.00243 0.000221 0.207123 0.62944 0.067977 0.050034 0.101342 0.237988 0.067091 0.000221 0.007253 0.003589 0.017788 0.000221 0.189165 0.412296 0.045183 0.390985 0.038456 0.000221 0.10324 0.000221 0.000221 0.000221 0.000221 0.000221 0.000221 0.000221 0.000221 0.000221 0.000221 0.000221 0.000221 0.000221 0.07772
X_9*0.00014 0.000012 0.000012 0.000012 0.000012 0.000012 0.000012 0.000012 0.000012 0.000032 0.000012 0.000012 0.000012 0.000012 0.000012 0.000012 0.000012 0.000031 0.000012 0.000012 0.000012 0.000012 0.000012 0.000012 0.000012 0.000012 0.000012 0.000012 0.000012 0.000012 0.000012 0.000012 0.000012 0.000012 0.000012 1
X_12*0.024043 0.207476 0.024043 0.024043 0.024043 0.198793 0.024043 0.024043 0.024043 0.024043 0.024043 0.542847 0.024043 0.753035 0.024043 0.185744 0.024043 0.062029 0.024043 0.024043 0.024043 0.024043 0.024043 0.024043 0.024043 0.024043 0.024043 0.024043 0.024043 0.024043 0.024043 0.024043 0.024043 0.024043 0.024043 0.024043
X_13*0.012861 0.012861 0.012861 0.012861 0.012861 0.012861 0.012861 0.012861 0.012861 0.012861 0.012861 0.75366 0.012861 0.651873 0.012861 0.031346 0.012861 0.027982 0.012861 0.012861 0.012861 0.012861 0.012861 0.012861 0.012861 0.012861 0.012861 0.012861 0.012861 0.012861 0.012861 0.012861 0.012861 0.012861 0.012861 0.012861
START*0 0 0 0 0 0 0 0 0 0 0 0 0 0 0 0 0 0 0 0 0 0 0 0 0 0 0 0 0 0 0 0 0 0 0 0
X_14*0.166667 0.166667 0.166667 0.166667 0.166667 0.166667 0.166667 0.166667 0.166667 0.166667 0.166667 0.166667 0.166667 0.166667 0.166667 0.166667 0.166667 0.166667 0.166667 0.166667 0.166667 0.166667 0.166667 0.166667 0.166667 0.166667 0.166667 0.166667 0.166667 0.166667 0.166667 0.166667 0.166667 0.166667 0.166667 0.166667
X_1*0.198188 0.00001 0.00001 0.000024 0.00001 0.00001 0.00001 0.000022 0.227102 0.00001 0.00001 0.00001 0.00001 0.00001 0.00001 0.00001 0.000275 0.00001 0.00001 0.00001 0.00001 0.00001 0.00001 0.00001 0.00001 0.00001 0.00001 0.00001 0.00001 0.00001 0.00001 0.00001 0.00001 0.00001 0.00001 0.953491
X_15*0.151426 0.151426 0.151426 0.151426 0.151426 0.151426 0.151426 0.151426 0.151426 0.151426 0.151426 0.330239 0.151426 0.333653 0.151426 0.151426 0.151426 0.151426 0.151426 0.151426 0.151426 0.151426 0.151426 0.151426 0.151426 0.151426 0.151426 0.151426 0.151426 0.151426 0.151426 0.151426 0.151426 0.151426 0.151426 0.151426
X_2*0.000011 0.517497 0.000011 0.000025 0.000011 0.573004 0.000011 0.196697 0.000011 0.157379 0.000011 0.000011 0.000011 0.008943 0.000011 0.522717 0.000011 0.059335 0.000011 0.252136 0.000011 0.000011 0.000011 0.000011 0.000011 0.000011 0.000011 0.000011 0.000011 0.000011 0.000011 0.000011 0.000011 0.000011 0.000011 0.000011
X_3*0.000016 0.000016 0.000016 0.000016 0.000016 0.00006 0.000016 0.000063 0.152549 0.000041 0.000016 0.000016 0.000016 0.000016 0.000016 0.000016 0.336736 0.000016 0.000016 0.000016 0.000016 0.000016 0.000016 0.000016 0.000016 0.000016 0.000016 0.000016 0.000016 0.000016 0.000016 0.000016 0.000016 0.000016 0.000016 0.92916
X_4*0.000012 0.000012 0.000012 0.000012 0.000012 0.000012 0.000012 0.000012 0.000012 0.000012 0.000012 0.000012 0.000012 0.000027 0.000012 0.000012 0.000012 0.000012 0.000012 0.000012 0.000012 0.000012 0.000012 0.000012 0.000012 0.000012 0.000012 0.000012 0.000012 0.000012 0.000012 0.000012 0.000012 0.000012 0.000012 1
X_5*0.00001 0.00001 0.00001 0.00001 0.213646 0.00001 0.00001 0.00001 0.000037 0.000023 0.00001 0.00001 0.00001 0.00001 0.00001 0.00001 0.00001 0.00001 0.00001 0.00001 0.00001 0.00001 0.00001 0.00001 0.00001 0.00001 0.00001 0.00001 0.00001 0.00001 0.00001 0.00001 0.00001 0.00001 0.00001 0.976911
X_6*0.172196 0.487028 0.000251 0.185454 0.032486 0.431152 0.115215 0.274875 0.081043 0.214878 0.000251 0.410163 0.000251 0.090693 0.000251 0.188571 0.254649 0.112937 0.124363 0.255235 0.000251 0.000251 0.000251 0.000251 0.000251 0.000251 0.000251 0.000251 0.000251 0.000251 0.000251 0.000251 0.000251 0.000251 0.000251 0.002783
X_10*0.142929 0.00001 0.00001 0.00001 0.00001 0.00001 0.00001 0.00001 0.00001 0.00001 0.00001 0.000032 0.00001 0.00001 0.00001 0.00001 0.00001 0.00001 0.10318 0.000036 0.00001 0.00001 0.00001 0.00001 0.00001 0.00001 0.00001 0.00001 0.00001 0.00001 0.00001 0.00001 0.00001 0.00001 0.00001 0.98434
X_11*0.020609 0.277042 0.020609 0.020609 0.020609 0.038518 0.020609 0.020609 0.020609 0.292064 0.020609 0.555617 0.020609 0.624093 0.020609 0.294347 0.020609 0.020609 0.020609 0.198251 0.020609 0.020609 0.020609 0.020609 0.020609 0.020609 0.020609 0.020609 0.020609 0.020609 0.020609 0.020609 0.020609 0.020609 0.020609 0.020609
productions
X_8*0 0 0 0 0 0 0 0 0 0 0 0 0 0 1 0 0 0 0 0 0 0 0 0 0 0 0 0 0 0 0 0 0 0 0 0*0 0 0 0 0 0 0 0 0 0 0 0 0 0 0 1 0 0 0 0 0 0 0 0 0 0 0 0 0 0 0 0 0 0 0 0
X_7*0 0 0 0 0 0 0 0 0 0 0 0 1 0 0 0 0 0 0 0 0 0 0 0 0 0 0 0 0 0 0 0 0 0 0 0*0 0 0 0 0 0 0 0 0 0 0 0 0 1 0 0 0 0 0 0 0 0 0 0 0 0 0 0 0 0 0 0 0 0 0 0
X_9*0 0 0 0 0 0 0 0 0 0 0 0 0 0 0 0 1 0 0 0 0 0 0 0 0 0 0 0 0 0 0 0 0 0 0 0*0 0 0 0 0 0 0 0 0 0 0 0 0 0 0 0 0 1 0 0 0 0 0 0 0 0 0 0 0 0 0 0 0 0 0 0
X_12*0 0 0 0 0 0 0 0 0 0 0 0 0 0 0 0 0 0 0 0 0 0 0 1 0 0 0 0 0 0 0 0 0 0 0 0*0 0 0 0 0 0 0 0 0 0 0 0 0 0 0 0 0 0 0 0 0 0 0 0 1 0 0 0 0 0 0 0 0 0 0 0*0 0 0 0 0 0 0 0 0 0 0 0 0 0 0 0 0 0 0 0 0 0 0 0 0 1 0 0 0 0 0 0 0 0 0 0
X_13*0 0 0 0 0 0 0 0 0 0 0 0 0 0 0 0 0 0 0 0 0 0 0 0 0 0 1 0 0 0 0 0 0 0 0 0*0 0 0 0 0 0 0 0 0 0 0 0 0 0 0 0 0 0 0 0 0 0 0 0 0 0 0 1 0 0 0 0 0 0 0 0*0 0 0 0 0 0 0 0 0 0 0 0 0 0 0 0 0 0 0 0 0 0 0 0 0 0 0 0 1 0 0 0 0 0 0 0
START*0 0 0 0 0 0 0 0 0 0 0 0 0 0 0 0 0 0 0 0 0 0 0 0 0 0 0 0 0 0 0 0 0 0 0 0*0 0 0 0 0 0 0 0 0 0 0 0 0 0 0 0 0 0 0 0 0 0 0 0 0 0 0 0 0 0 0 0 0 0 0 1
X_14*0 0 0 0 0 0 0 0 0 0 0 0 0 0 0 0 0 0 0 0 0 0 0 0 0 0 0 0 0 1 0 0 0 0 0 0*0 0 0 0 0 0 0 0 0 0 0 0 0 0 0 0 0 0 0 0 0 0 0 0 0 0 0 0 0 0 1 0 0 0 0 0*0 0 0 0 0 0 0 0 0 0 0 0 0 0 0 0 0 0 0 0 0 0 0 0 0 0 0 0 0 0 0 1 0 0 0 0
X_1*1 0 0 0 0 0 0 0 0 0 0 0 0 0 0 0 0 0 0 0 0 0 0 0 0 0 0 0 0 0 0 0 0 0 0 0*0 1 0 0 0 0 0 0 0 0 0 0 0 0 0 0 0 0 0 0 0 0 0 0 0 0 0 0 0 0 0 0 0 0 0 0
X_15*0 0 0 0 0 0 0 0 0 0 0 0 0 0 0 0 0 0 0 0 0 0 0 0 0 0 0 0 0 0 0 0 1 0 0 0*0 0 0 0 0 0 0 0 0 0 0 0 0 0 0 0 0 0 0 0 0 0 0 0 0 0 0 0 0 0 0 0 0 1 0 0*0 0 0 0 0 0 0 0 0 0 0 0 0 0 0 0 0 0 0 0 0 0 0 0 0 0 0 0 0 0 0 0 0 0 1 0
X_2*0 0 1 0 0 0 0 0 0 0 0 0 0 0 0 0 0 0 0 0 0 0 0 0 0 0 0 0 0 0 0 0 0 0 0 0*0 0 0 1 0 0 0 0 0 0 0 0 0 0 0 0 0 0 0 0 0 0 0 0 0 0 0 0 0 0 0 0 0 0 0 0
X_3*0 0 0 0 1 0 0 0 0 0 0 0 0 0 0 0 0 0 0 0 0 0 0 0 0 0 0 0 0 0 0 0 0 0 0 0*0 0 0 0 0 1 0 0 0 0 0 0 0 0 0 0 0 0 0 0 0 0 0 0 0 0 0 0 0 0 0 0 0 0 0 0
X_4*0 0 0 0 0 0 1 0 0 0 0 0 0 0 0 0 0 0 0 0 0 0 0 0 0 0 0 0 0 0 0 0 0 0 0 0*0 0 0 0 0 0 0 1 0 0 0 0 0 0 0 0 0 0 0 0 0 0 0 0 0 0 0 0 0 0 0 0 0 0 0 0
X_5*0 0 0 0 0 0 0 0 1 0 0 0 0 0 0 0 0 0 0 0 0 0 0 0 0 0 0 0 0 0 0 0 0 0 0 0*0 0 0 0 0 0 0 0 0 1 0 0 0 0 0 0 0 0 0 0 0 0 0 0 0 0 0 0 0 0 0 0 0 0 0 0
X_6*0 0 0 0 0 0 0 0 0 0 1 0 0 0 0 0 0 0 0 0 0 0 0 0 0 0 0 0 0 0 0 0 0 0 0 0*0 0 0 0 0 0 0 0 0 0 0 1 0 0 0 0 0 0 0 0 0 0 0 0 0 0 0 0 0 0 0 0 0 0 0 0
X_10*0 0 0 0 0 0 0 0 0 0 0 0 0 0 0 0 0 0 1 0 0 0 0 0 0 0 0 0 0 0 0 0 0 0 0 0*0 0 0 0 0 0 0 0 0 0 0 0 0 0 0 0 0 0 0 1 0 0 0 0 0 0 0 0 0 0 0 0 0 0 0 0
X_11*0 0 0 0 0 0 0 0 0 0 0 0 0 0 0 0 0 0 0 0 1 0 0 0 0 0 0 0 0 0 0 0 0 0 0 0*0 0 0 0 0 0 0 0 0 0 0 0 0 0 0 0 0 0 0 0 0 1 0 0 0 0 0 0 0 0 0 0 0 0 0 0*0 0 0 0 0 0 0 0 0 0 0 0 0 0 0 0 0 0 0 0 0 0 1 0 0 0 0 0 0 0 0 0 0 0 0 0
