terminals
feeds*0.000004 0 0.297546 0 0 0 0 0 0.000194 0 0 0 0 0 0.615169 0 0 0 0 0 0 0 0 0 0 0 0 0 0.730091 0
cat*0.013296 0.000957 0.000065 0.052487 0.006978 0.000065 0.000245 0.000065 0.696717 0.000781 0.000154 0.000065 0.000225 0.000065 0.000065 0.270212 0.649363 0.000065 0.095866 0.000065 0.000065 0.000065 0.000065 0.000065 0.087726 0.000065 0.000065 0.005478 0.000065 0.000065
girl*0.01853 0.000083 0.000083 0.081307 0.005493 0.000083 0.005188 0.000083 0.524798 0.000245 0.000768 0.000083 0.075169 0.000083 0.000083 0.281986 0.768382 0.000083 0.000361 0.000083 0.000083 0.000083 0.000083 0.000083 0.078758 0.000083 0.000083 0.189194 0.000083 0.000083
walks*0 0 0 0 0 0.090569 0 0.587601 0 0 0 0.804066 0 0 0 0 0 0 0 0 0 0 0 0 0 0 0 0 0 0
chases*0 0 0.251227 0 0 0 0 0 0 0 0 0 0 0 0.813905 0 0 0 0 0 0 0 0 0 0 0.523873 0 0 0 0
Mary*0.116432 0.000095 0.000095 0.074687 0.070381 0.000095 0.004626 0.000095 0.000095 0.000995 0.00057 0.000095 0.000095 0.000095 0.000095 0.869649 0.000095 0.000095 0.243553 0.000095 0.000095 0.000095 0.000095 0.000095 0.264415 0.000095 0.000095 0.30061 0.000095 0.000095
lives*0.000002 0.000002 0.000002 0.0116 0.000002 0.000005 0.000002 0.018191 0.000002 0.000002 0.000002 0.684945 0.000002 0.006689 0.000002 0.000009 0.000002 0.000002 0.000002 0.728245 0.000002 0.000002 0.000002 0.000002 0.000002 0.000002 0.000002 0.000002 0.000002 0.000002
John*0.15461 0.000028 0.00001 0.129374 0.000809 0.00001 0.003784 0.00001 0.00001 0.00001 0.000168 0.00001 0.416899 0.00001 0.00001 0.657829 0.00001 0.00001 0.00001 0.00001 0.00001 0.00001 0.00001 0.00001 0.559039 0.00001 0.00001 0.200687 0.00001 0.00001
dog*0.026769 0.00012 0.006114 0.071833 0.024349 0.000056 0.000056 0.000056 0.609132 0.001069 0.001889 0.000056 0.303673 0.000056 0.000056 0.270379 0.642463 0.000056 0.002951 0.000056 0.000056 0.000056 0.000056 0.000056 0.169818 0.000056 0.000056 0.124575 0.000056 0.000056
boy*0.005629 0.00043 0.000099 0.025807 0.000048 0.000048 0.050458 0.000048 0.415688 0.00043 0.000048 0.000048 0.097084 0.000048 0.000048 0.320056 0.80356 0.000048 0.000048 0.000048 0.000048 0.000048 0.000048 0.000048 0.110916 0.000048 0.000048 0.232565 0.000048 0.000048
who*0 0 0.000213 0 0 0 0 0 0 0 0.891832 0 0 0 0 0 0 0 0.000003 0 0 0 0 0.372427 0 0 0.256775 0 0 0
nonterminals
X_8*0.000001 0.164962 0.000001 0.00001 0.000001 0.780956 0.000001 0.346492 0.000001 0.001835 0.000001 0.491901 0.000001 0.029479 0.000001 0.000001 0.000001 0.000001 0.000001 0.000001 0.000001 0.000001 0.000001 0.000001 0.000001 0.000001 0.000001 0.000001 0.000001 0.000001
X_7*0.00001 0.00001 0.00001 0.00002 0.00001 0.00001 0.00001 0.00001 0.00001 0.00001 0.00001 0.000021 0.00001 0.00001 0.00001 0.00001 0.00001 0.00001 0.00001 0.00001 0.00001 0.00001 0.00001 0.00001 0.00001 0.00001 0.00001 0.00001 0.00001 1
X_9*0.00001 0.00001 0.00001 0.58543 0.798271 0.00001 0.045619 0.000031 0.00001 0.000022 0.005437 0.00001 0.010533 0.00001 0.00001 0.104053 0.00001 0.00001 0.083581 0.00001 0.00001 0.00001 0.00001 0.00001 0.00001 0.00001 0.00001 0.00001 0.00001 0.00001
X_12*0.00037 0.00037 0.00037 0.00037 0.00037 0.000771 0.00037 0.00037 0.00037 0.215883 0.00037 0.00037 0.00037 0.00037 0.00037 0.00037 0.00037 0.976417 0.00037 0.00037 0.00037 0.00037 0.00037 0.00037 0.00037 0.00037 0.00037 0.00037 0.00037 0.00037
X_13*0.000829 0.000829 0.000829 0.007933 0.000829 0.000829 0.000829 0.000829 0.000829 0.005459 0.000829 0.000829 0.000829 0.000829 0.000829 0.000829 0.000829 0.999944 0.000829 0.000829 0.000829 0.000829 0.000829 0.000829 0.000829 0.000829 0.000829 0.000829 0.000829 0.000829
START*0 0 0 0 0 0 0 0 0 0 0 0 0 0 0 0 0 0 0 0 0 0 0 0 0 0 0 0 0 0
X_1*0.000004 0.000322 0.000004 0.000072 0.000004 0.000004 0.000004 0.000004 0.000004 0.000004 0.000004 0.000004 0.000004 0.000004 0.000004 0.000004 0.000004 0.000004 0.000004 0.000004 0.000004 0.000004 0.000004 0.000004 0.000004 0.000004 0.000004 0.000004 0.000004 1
X_2*0.000009 0.000024 0.000009 0.046483 0.000009 0.0015 0.000009 0.038889 0.000009 0.286544 0.000009 0.000362 0.000009 0.890574 0.000009 0.000009 0.000009 0.026242 0.000009 0.346997 0.000009 0.000009 0.000009 0.000009 0.000009 0.000009 0.000009 0.000009 0.000009 0.000009
X_3*0.00001 0.00001 0.00001 0.000023 0.00001 0.00001 0.000028 0.00001 0.00001 0.00001 0.000021 0.00001 0.00001 0.00001 0.00001 0.00001 0.00001 0.00001 0.00001 0.00001 0.00001 0.00001 0.00001 0.00001 0.00001 0.00001 0.00001 0.00001 0.00001 1
X_4*0.000004 0.000008 0.000004 0.000004 0.000004 0.000004 0.000004 0.000004 0.000004 0.000004 0.000004 0.000004 0.000004 0.000015 0.000004 0.000004 0.000004 0.000004 0.000004 0.000004 0.000004 0.000004 0.000004 0.000004 0.000004 0.000004 0.000004 0.000004 0.000004 1
X_5*0.000063 0.000166 0.000063 0.001476 0.000063 0.000063 0.825751 0.000063 0.166394 0.000439 0.009491 0.000451 0.000063 0.001974 0.000063 0.000133 0.000063 0.000063 0.498471 0.000325 0.000063 0.000063 0.000063 0.000063 0.103083 0.000063 0.000063 0.000063 0.000063 0.176782
X_6*0.000001 0.000001 0.000001 0.000001 0.000001 0.000001 0.000001 0.000001 0.000001 0.960778 0.000002 0.000001 0.000001 0.000001 0.000001 0.000001 0.000001 0.277274 0.000002 0.000001 0.000001 0.000001 0.000001 0.000001 0.000001 0.000001 0.000001 0.000001 0.000001 0.004985
X_10*0.000013 0.000013 0.000013 0.000013 0.000031 0.000013 0.000013 0.000013 0.000013 0.001729 0.000013 0.000013 0.000013 0.000013 0.000013 0.000013 0.000013 0.000013 0.000013 0.000013 0.000013 0.000013 0.000013 0.000013 0.000013 0.000013 0.000013 0.000013 0.000013 0.999999
X_11*0.182574 0.182574 0.182574 0.182574 0.182574 0.182574 0.182574 0.182574 0.182574 0.182574 0.182574 0.182574 0.182574 0.182574 0.182574 0.182574 0.182574 0.182574 0.182574 0.182574 0.182574 0.182574 0.182574 0.182574 0.182574 0.182574 0.182574 0.182574 0.182574 0.182574
productions
X_8*0 0 0 0 0 0 0 0 0 0 0 0 0 0 1 0 0 0 0 0 0 0 0 0 0 0 0 0 0 0*0 0 0 0 0 0 0 0 0 0 0 0 0 0 0 1 0 0 0 0 0 0 0 0 0 0 0 0 0 0
X_7*0 0 0 0 0 0 0 0 0 0 0 0 1 0 0 0 0 0 0 0 0 0 0 0 0 0 0 0 0 0*0 0 0 0 0 0 0 0 0 0 0 0 0 1 0 0 0 0 0 0 0 0 0 0 0 0 0 0 0 0
X_9*0 0 0 0 0 0 0 0 0 0 0 0 0 0 0 0 1 0 0 0 0 0 0 0 0 0 0 0 0 0*0 0 0 0 0 0 0 0 0 0 0 0 0 0 0 0 0 1 0 0 0 0 0 0 0 0 0 0 0 0
X_12*0 0 0 0 0 0 0 0 0 0 0 0 0 0 0 0 0 0 0 0 0 0 0 1 0 0 0 0 0 0*0 0 0 0 0 0 0 0 0 0 0 0 0 0 0 0 0 0 0 0 0 0 0 0 1 0 0 0 0 0*0 0 0 0 0 0 0 0 0 0 0 0 0 0 0 0 0 0 0 0 0 0 0 0 0 1 0 0 0 0
X_13*0 0 0 0 0 0 0 0 0 0 0 0 0 0 0 0 0 0 0 0 0 0 0 0 0 0 1 0 0 0*0 0 0 0 0 0 0 0 0 0 0 0 0 0 0 0 0 0 0 0 0 0 0 0 0 0 0 1 0 0*0 0 0 0 0 0 0 0 0 0 0 0 0 0 0 0 0 0 0 0 0 0 0 0 0 0 0 0 1 0
START*0 0 0 0 0 0 0 0 0 0 0 0 0 0 0 0 0 0 0 0 0 0 0 0 0 0 0 0 0 0*0 0 0 0 0 0 0 0 0 0 0 0 0 0 0 0 0 0 0 0 0 0 0 0 0 0 0 0 0 1
X_1*1 0 0 0 0 0 0 0 0 0 0 0 0 0 0 0 0 0 0 0 0 0 0 0 0 0 0 0 0 0*0 1 0 0 0 0 0 0 0 0 0 0 0 0 0 0 0 0 0 0 0 0 0 0 0 0 0 0 0 0
X_2*0 0 1 0 0 0 0 0 0 0 0 0 0 0 0 0 0 0 0 0 0 0 0 0 0 0 0 0 0 0*0 0 0 1 0 0 0 0 0 0 0 0 0 0 0 0 0 0 0 0 0 0 0 0 0 0 0 0 0 0
X_3*0 0 0 0 1 0 0 0 0 0 0 0 0 0 0 0 0 0 0 0 0 0 0 0 0 0 0 0 0 0*0 0 0 0 0 1 0 0 0 0 0 0 0 0 0 0 0 0 0 0 0 0 0 0 0 0 0 0 0 0
X_4*0 0 0 0 0 0 1 0 0 0 0 0 0 0 0 0 0 0 0 0 0 0 0 0 0 0 0 0 0 0*0 0 0 0 0 0 0 1 0 0 0 0 0 0 0 0 0 0 0 0 0 0 0 0 0 0 0 0 0 0
X_5*0 0 0 0 0 0 0 0 1 0 0 0 0 0 0 0 0 0 0 0 0 0 0 0 0 0 0 0 0 0*0 0 0 0 0 0 0 0 0 1 0 0 0 0 0 0 0 0 0 0 0 0 0 0 0 0 0 0 0 0
X_6*0 0 0 0 0 0 0 0 0 0 1 0 0 0 0 0 0 0 0 0 0 0 0 0 0 0 0 0 0 0*0 0 0 0 0 0 0 0 0 0 0 1 0 0 0 0 0 0 0 0 0 0 0 0 0 0 0 0 0 0
X_10*0 0 0 0 0 0 0 0 0 0 0 0 0 0 0 0 0 0 1 0 0 0 0 0 0 0 0 0 0 0*0 0 0 0 0 0 0 0 0 0 0 0 0 0 0 0 0 0 0 1 0 0 0 0 0 0 0 0 0 0
X_11*0 0 0 0 0 0 0 0 0 0 0 0 0 0 0 0 0 0 0 0 1 0 0 0 0 0 0 0 0 0*0 0 0 0 0 0 0 0 0 0 0 0 0 0 0 0 0 0 0 0 0 1 0 0 0 0 0 0 0 0*0 0 0 0 0 0 0 0 0 0 0 0 0 0 0 0 0 0 0 0 0 0 1 0 0 0 0 0 0 0
