terminals
feeds*0.10629 0 0.02356 0 0 0.174375 0.00039 0.695384 0
cat*0 0.05555 0.000005 0.193394 0.624703 0.043975 0.081178 0.001195 0
girl*0 0.050032 0 0.164087 0.669193 0.050087 0.045837 0.020764 0
walks*0.000028 0 0.146237 0.424393 0.00114 0.390437 0.037673 0.000092 0
Mary*0.000007 0.533264 0.03071 0 0.222791 0 0.213228 0 0
chases*0.238659 0.130691 0.128242 0 0.059452 0.341356 0.0032 0.0984 0
lives*0.003172 0 0 0.977429 0.002946 0.014704 0.00175 0 0
John*0 0.339862 0.01528 0.226626 0.149689 0.063398 0.205144 0 0
dog*0 0.013286 0 0.070731 0.830915 0.003659 0.031231 0.050179 0
boy*0 0.134441 0 0.08181 0.753624 0.027213 0.002912 0 0
who*0.261232 0 0.532968 0 0.041354 0.062298 0.102148 0 0
nonterminals
X1*0.033802 0.301175 0.03668 0.05949 0.045466 0.080744 0.109016 0.060357 0.273269
X2*0.000804 0.111424 0.065477 0.246303 0.123645 0.139038 0.122377 0.000104 0.190829
START*0 0 0 0 0 0 0 0 0
X3*0.076998 0.027174 0.201699 0.177788 0.021198 0.11627 0.057009 0.206178 0.115685
X4*0.385169 0.055479 0.154739 0 0.000321 0.011255 0.015666 0.037384 0.339987
productions
feeds*1 0 0 0 0 0 0 0 0 0 0
X1*1 0 0 0 0 0 0 0 0*0 0.097842 0 0.170537 0.129016 0.207063 0 0.106765 0.089003 0.199774 0*0 1 0 0 0 0 0 0 0
cat*0 1 0 0 0 0 0 0 0 0 0
X2*0 0 1 0 0 0 0 0 0*0.031875 0.085045 0.125901 0.069371 0.272944 0 0.141177 0.052045 0.133439 0.088201 0*0 0 0 1 0 0 0 0 0
X3*0 0 0 0 1 0 0 0 0*0.060809 0.001262 0.022142 0.047578 0.228517 0 0 0.000628 0.000004 0.004696 0.634363*0 0 0 0 0 1 0 0 0
X4*0 0 0 0 0 0 1 0 0*0.77684 0.000525 0 0.009254 0.163205 0 0 0 0.050176 0 0*0 0 0 0 0 0 0 1 0
chases*0 0 0 0 1 0 0 0 0 0 0
Mary*0 0 0 0 0 1 0 0 0 0 0
John*0 0 0 0 0 0 0 1 0 0 0
who*0 0 0 0 0 0 0 0 0 0 1
START*0 0 0 0 0 0 0 0 0*0 0.217252 0 0.124546 0 0.023747 0 0.125739 0.235077 0.273639 0*0 0 0 0 0 0 0 0 1
walks*0 0 1 0 0 0 0 0 0 0 0
girl*0 0 0 1 0 0 0 0 0 0 0
lives*0 0 0 0 0 0 1 0 0 0 0
dog*0 0 0 0 0 0 0 0 1 0 0
boy*0 0 0 0 0 0 0 0 0 1 0
conditional project and attach counts
goalSlotPlusLC*attachment*X1*START*X2*X3*X4
X4_slot3@dog*8*0*0*1*0*0
X1_slot3@X3*39*20*0*118*7*9
X1_slot3@X4*17*67*0*90*7*19
X1_slot3@X1*156*0*0*0*2*11
X1_slot3@X2*194*2*0*27*8*53
X4_slot3@walks*4*0*0*0*0*0
X4_slot3@feeds*378*4*0*1*1*3
X2_slot3@chases*0*94*0*58*2*9
X2_slot3@girl*36*0*0*2*43*2
X2_slot3@walks*99*1*0*11*5*2
X1_slot3@boy*19*0*0*0*75*0
X1_slot3@chases*75*4*0*0*5*2
START_slot3@Mary*0*5*0*5*20*33
START_slot3@John*0*1*0*6*26*30
X3_slot3@cat*14*0*0*0*0*0
START_slot3@dog*0*1*0*2*150*12
X3_slot3@boy*15*0*0*0*0*0
X3_slot3@who*93*185*0*429*36*35
X4_slot3@who*8*0*0*0*5*0
X4_slot3@boy*3*0*0*0*2*0
X1_slot3@dog*18*0*0*0*45*11
X2_slot3@who*0*4*0*8*0*1
X3_slot3@walks*64*0*0*0*0*0
X1_slot3@lives*0*0*0*0*1*0
X1_slot3@John*80*0*0*0*3*3
X2_slot3@feeds*0*62*0*31*3*0
X2_slot3@lives*151*1*0*5*2*3
X3_slot3@girl*2*0*0*0*0*0
START_slot3@boy*0*0*0*5*139*9
START_slot3@girl*0*0*0*1*164*20
X3_slot3@dog*14*0*0*0*0*1
X4_slot3@cat*6*0*0*0*0*0
X2_slot3@boy*40*1*0*0*35*13
X4_slot3@X1*140*6*0*1*0*27
X4_slot3@girl*4*0*0*0*0*0
X4_slot3@Mary*3*0*0*0*0*1
X3_slot3@chases*270*74*0*0*0*9
X2_slot3@X4*6*24*0*17*5*0
X2_slot3@dog*39*0*0*0*72*1
X3_slot3@feeds*83*23*0*1*3*5
X4_slot3@X4*26*15*0*9*0*3
X2_slot3@X1*38*36*0*58*13*2
X1_slot3@girl*37*0*0*0*66*6
X4_slot3@X2*7*0*0*0*5*19
X2_slot3@X2*167*0*0*1*0*1
X4_slot3@X3*169*2*0*1*0*5
X2_slot3@X3*130*1*0*1*0*0
START_slot3@X1*207*11*0*1*21*0
X1_slot3@cat*19*0*0*0*62*11
X3_slot3@lives*25*0*0*1*0*0
START_slot3@X3*53*21*0*33*65*0
X1_slot3@Mary*136*0*0*0*54*27
START_slot3@X2*230*0*0*0*8*7
START_slot3@X4*310*67*0*61*8*11
X4_slot3@chases*29*0*0*0*0*0
X3_slot3@John*18*0*0*0*0*0
X2_slot3@John*41*0*0*0*46*14
X3_slot3@X1*46*0*0*0*7*7
X3_slot3@X2*51*5*0*0*2*3
X2_slot3@cat*43*1*0*0*30*6
X3_slot3@X3*74*19*0*16*7*0
X3_slot3@X4*21*1*0*0*1*0
START_slot3@cat*0*1*0*16*139*15
conditional shift counts
goalPlusNonT*feeds*cat*walks*girl*chases*Mary*lives*John*dog*boy*who
X2_slot3@X2_slot2*96*80*118*83*163*0*162*101*112*89*13
X3_slot3@X3_slot2*115*14*64*2*353*0*26*18*15*15*778
X4_slot3@X4_slot2*387*6*4*4*29*4*0*0*9*5*13
X1_slot3@X1_slot2*0*92*0*109*86*217*1*86*74*94*0
START_slot3@START_slot2*0*171*0*185*0*63*0*63*165*153*0
