terminals
feeds*0.017001 0.082125 0 0.044038 0.564331 0.179789 0.07797 0.034745 0
cat*0.04498 0.040326 0.586549 0 0.063008 0.042027 0.000057 0.223053 0
girl*0.371007 0.001572 0.314303 0 0.002786 0.096283 0 0.214048 0
walks*0.202716 0.312805 0.001867 0.043467 0.060892 0.377387 0 0.000866 0
Mary*0.144573 0.18389 0.046035 0 0.264629 0.087438 0.028562 0.244873 0
chases*0.03272 0.246665 0 0.022271 0.282686 0.121706 0.265454 0.028498 0
lives*0 0.247941 0.001501 0 0.040186 0 0 0.710372 0
John*0.276941 0.032485 0 0 0.039238 0.453381 0.000031 0.197923 0
dog*0.092144 0.000022 0.540769 0 0.06792 0.123618 0.000014 0.175513 0
boy*0.118754 0.018314 0.43629 0 0.110251 0.124348 0.024227 0.167815 0
who*0.137607 0.00001 0 0.036217 0.106203 0 0.719963 0 0
nonterminals
X1*0.23383 0.202212 0 0.070931 0.018757 0.081168 0.104374 0.039356 0.249371
X2*0.006935 0.019819 0 0.385315 0.000005 0.000001 0.045711 0.028859 0.513356
START*0 0 0 0 0 0 0 0 0
X3*0.26092 0.067342 0 0.315659 0.000028 0.170163 0.03908 0.134165 0.012643
X4*0.365792 0.092297 0.037333 0.071473 0.03301 0.047678 0.00952 0.126053 0.216844
productions
feeds*1 0 0 0 0 0 0 0 0 0 0
X1*1 0 0 0 0 0 0 0 0*0.197814 0.00538 0.095493 0.000002 0.450126 0.023654 0.028993 0.002609 0 0.002292 0.193637*0 1 0 0 0 0 0 0 0
cat*0 1 0 0 0 0 0 0 0 0 0
X2*0 0 1 0 0 0 0 0 0*0.054862 0 0.007094 0 0.024674 0 0 0 0 0 0.913369*0 0 0 1 0 0 0 0 0
X3*0 0 0 0 1 0 0 0 0*0.149151 0.095811 0.055695 0.134043 0.183178 0.00234 0 0.140004 0.059739 0.18004 0*0 0 0 0 0 1 0 0 0
X4*0 0 0 0 0 0 1 0 0*0.080387 0.081991 0.015977 0.153148 0.083524 0.131355 0.104588 0.032814 0.207177 0.109038 0*0 0 0 0 0 0 0 1 0
chases*0 0 0 0 1 0 0 0 0 0 0
Mary*0 0 0 0 0 1 0 0 0 0 0
John*0 0 0 0 0 0 0 1 0 0 0
who*0 0 0 0 0 0 0 0 0 0 1
START*0 0 0 0 0 0 0 0 0*0 0.217252 0 0.124546 0 0.023747 0 0.125739 0.235077 0.273639 0*0 0 0 0 0 0 0 0 1
walks*0 0 1 0 0 0 0 0 0 0 0
girl*0 0 0 1 0 0 0 0 0 0 0
lives*0 0 0 0 0 0 1 0 0 0 0
dog*0 0 0 0 0 0 0 0 1 0 0
boy*0 0 0 0 0 0 0 0 0 1 0
conditional project and attach counts
goalSlotPlusLC*attachment*X1*START*X2*X3*X4
X4_slot3@dog*56*0*0*32*28*1
X1_slot3@X3*46*88*0*0*1*5
X1_slot3@X4*56*7*0*0*8*9
X1_slot3@X1*148*84*0*0*1*27
X1_slot3@X2*25*11*0*6*0*9
X1_slot3@who*10*76*0*0*26*86
X4_slot3@walks*3*14*0*4*6*2
X4_slot3@feeds*11*1*0*0*38*1
X2_slot3@chases*5*0*0*0*0*0
X2_slot3@girl*5*0*0*0*0*0
X2_slot3@walks*6*0*0*0*0*0
X1_slot3@boy*8*0*0*0*0*0
X1_slot3@chases*133*10*0*0*173*87
START_slot3@Mary*0*38*0*0*24*1
X1_slot3@walks*74*1*0*1*0*0
START_slot3@John*0*60*0*0*3*0
X3_slot3@cat*32*8*0*45*1*1
START_slot3@dog*0*31*0*116*14*4
X3_slot3@Mary*45*1*0*0*0*0
X3_slot3@boy*45*0*0*63*0*2
X3_slot3@who*0*0*0*0*1*4
X4_slot3@who*0*2*0*0*1*1
X4_slot3@boy*62*0*0*1*21*1
X1_slot3@dog*3*0*0*1*2*1
X2_slot3@who*39*5*0*0*92*461
X3_slot3@walks*75*0*0*0*0*0
X1_slot3@lives*33*0*0*0*0*0
X1_slot3@John*10*0*0*0*0*0
X2_slot3@feeds*55*0*0*2*0*16
X2_slot3@lives*1*0*0*0*0*0
X3_slot3@girl*31*0*0*36*1*0
START_slot3@boy*0*23*0*115*13*2
START_slot3@girl*0*174*0*6*4*1
X3_slot3@dog*53*0*0*28*0*0
X4_slot3@cat*46*6*0*21*19*1
X1_slot3@feeds*91*27*0*0*143*17
X4_slot3@X1*10*64*0*1*0*10
X4_slot3@girl*39*45*0*21*4*2
X4_slot3@Mary*57*9*0*2*59*3
X3_slot3@chases*109*1*0*0*33*27
X2_slot3@X4*96*9*0*28*12*0
X2_slot3@dog*5*0*0*0*0*0
X3_slot3@feeds*46*4*0*3*111*32
X4_slot3@X4*76*167*0*9*3*3
X2_slot3@X1*95*2*0*0*2*0
X1_slot3@girl*13*1*0*0*0*0
X4_slot3@X2*2*0*0*0*0*8
X2_slot3@X2*230*0*0*0*5*0
X4_slot3@X3*128*36*0*0*0*12
X2_slot3@X3*169*3*0*2*0*3
START_slot3@X1*191*1*0*7*26*14
X1_slot3@cat*11*0*0*1*0*0
START_slot3@X3*52*0*0*0*19*0
X4_slot3@lives*150*0*0*4*1*0
X1_slot3@Mary*44*0*0*0*1*0
START_slot3@X2*361*0*0*0*21*2
START_slot3@X4*196*1*0*0*7*0
X4_slot3@John*57*21*0*0*8*0
X4_slot3@chases*13*0*0*0*9*31
X3_slot3@John*105*0*0*0*0*4
X3_slot3@X1*22*0*0*0*0*0
X3_slot3@X2*2*4*0*0*0*20
X3_slot3@X3*139*2*0*0*4*3
X3_slot3@X4*8*12*0*3*0*0
START_slot3@cat*0*35*0*134*2*0
conditional shift counts
goalPlusNonT*feeds*cat*walks*girl*chases*Mary*lives*John*dog*boy*who
X2_slot3@X2_slot2*73*0*6*5*5*0*1*0*5*0*597
X3_slot3@X3_slot2*196*87*75*68*170*46*0*109*81*110*5
X4_slot3@X4_slot2*51*93*29*111*53*130*155*86*117*85*4
X1_slot3@X1_slot2*278*12*76*14*403*45*33*10*7*8*198
START_slot3@START_slot2*0*171*0*185*0*63*0*63*165*153*0
