terminals
feeds*0 0 0.081243 0 0.00004 0 0.097352 0.264777 0.637379 0 0.698749 0.138973 0
cat*0.832445 0 0 0.125536 0 0.01294 0 0.200786 0.077804 0.109492 0.480876 0.038849 0
girl*0.67434 0 0.008638 0.000005 0 0 0 0.337617 0.066094 0.268561 0.590554 0.077192 0
walks*0.000001 0.000001 0.080141 0.000001 0.000131 0.70265 0.000003 0.370364 0.048969 0.600027 0.005434 0.015211 0.000001
Mary*0 0.00578 0.000002 0 0 0 0.023078 0.810631 0.00051 0.418381 0.247359 0.325703 0
chases*0 0 0 0 0 0.02553 0.040757 0.286639 0.092681 0 0.517805 0.799258 0
lives*0 0 0.048974 0.114771 0 0.049599 0 0.956579 0.242423 0.07691 0.046232 0.010168 0
John*0 0 0.000156 0 0 0 0 0.880641 0.06249 0.443256 0.138365 0.070327 0
.*0 0 0 0.543126 0 0 0 0 0.839651 0 0 0 0
dog*0.65361 0 0.006335 0 0.000002 0 0 0.235677 0.007914 0.344819 0.587169 0.231256 0
boy*0.715959 0.001134 0.041842 0.014699 0.000003 0 0 0.17443 0.226903 0.226789 0.52445 0.277565 0
who*0.00005 0 0 0 0 0 0.829015 0 0 0.187161 0.476018 0.226077 0
nonterminals
X1*0.002587 0.075999 0.682933 0 0.000076 0.000008 0.243074 0.187322 0.168764 0.001438 0.110936 0.556884 0.287639
X2*0 0.668428 0.202364 0.422088 0 0.281466 0 0.069504 0.029875 0 0.032541 0.221887 0.445933
START*0 0 0 0 0 0 0 0 0 0 0 0 0
X3*0 0.000999 0.1543 0.084841 0 0 0.000079 0.010531 0.012581 0 0.000022 0.024165 0.983941
X4*0.000005 0.382947 0.052683 0 0.000004 0.716124 0.072482 0.13329 0.007011 0.000237 0.435943 0.338521 0.100155
X5*0 0.20738 0.057623 0.10617 0.178379 0.053351 0.549906 0.497863 0.051433 0.002941 0.098048 0.013545 0.587385
productions
feeds*1 0 0 0 0 0 0 0 0 0 0 0
X1*1 0 0 0 0 0 0 0 0 0 0 0 0*0 0 0.000023 0 0 0 0 0 0 0 0 1*0 1 0 0 0 0 0 0 0 0 0 0 0
X2*0 0 1 0 0 0 0 0 0 0 0 0 0*0 0.088465 0 0.000001 0 0 0.07091 0 0 0.993455 0.013924 0*0 0 0 1 0 0 0 0 0 0 0 0 0
cat*0 1 0 0 0 0 0 0 0 0 0 0
X3*0 0 0 0 1 0 0 0 0 0 0 0 0*0.003577 0.166012 0.980131 0.000066 0.049477 0.000001 0.096499 0.000001 0.002989 0.000912 0.000001 0.000776*0 0 0 0 0 1 0 0 0 0 0 0 0
X4*0 0 0 0 0 0 1 0 0 0 0 0 0*0.08967 0.2013 0.308884 0.188434 0.060879 0.419814 0.372119 0.512105 0.262221 0 0.413626 0*0 0 0 0 0 0 0 1 0 0 0 0 0*0.500314 0 0.00342 0.156738 0.30394 0 0.075389 0 0.005478 0.791842 0 0*0 0 0 0 0 0 0 0 1 0 0 0 0
chases*0 0 0 0 1 0 0 0 0 0 0 0
Mary*0 0 0 0 0 1 0 0 0 0 0 0
X5*0 0 0 0 0 0 0 0 0 1 0 0 0*0.750405 0 0.025299 0 0.660491 0 0.001687 0 0 0 0 0*0 0 0 0 0 0 0 0 0 0 1 0 0*0.046057 0.212632 0.000431 0.199574 0.544304 0.137983 0 0.072563 0.298631 0 0.324139 0.630887*0 0 0 0 0 0 0 0 0 0 0 1 0
John*0 0 0 0 0 0 0 1 0 0 0 0
.*0 0 0 0 0 0 0 0 0 1 0 0
who*0 0 0 0 0 0 0 0 0 0 0 1
START*0 0 0 0 0 0 0 0 0 0 0 0 0*0 0.524269 0 0.302409 0 0.099826 0 0.22334 0.534102 0 0.537196 0*0 0 0 0 0 0 0 0 0 0 0 0 1
walks*0 0 1 0 0 0 0 0 0 0 0 0
girl*0 0 0 1 0 0 0 0 0 0 0 0
lives*0 0 0 0 0 0 1 0 0 0 0 0
dog*0 0 0 0 0 0 0 0 1 0 0 0
boy*0 0 0 0 0 0 0 0 0 0 1 0
conditional project and attach counts
goalSlotPlusLC*attachment*X1*START*X2*X3*X4*X5
X4-s3@John*180*0*0*6*0*0*2
START-s3@girl*0*152*0*0*1*0*32
X5-s5@John*12*0*0*0*0*0*3
X2-s3@boy*1*0*0*0*0*0*0
X5-s3@cat*3*1*0*0*0*0*0
X4-s5@lives*52*0*0*4*0*0*0
X5-s5@X1*33*0*0*2*0*0*0
X5-s5@X2*61*0*0*0*0*0*0
X3-s3@dog*0*0*0*1*0*0*0
X5-s5@X3*15*1*0*0*0*0*0
X5-s5@X4*86*0*0*0*0*0*0
X5-s5@X5*69*2*0*4*0*0*4
X4-s5@John*0*0*0*2*0*0*0
X5-s5@dog*136*0*0*16*0*0*0
X5-s5@chases*226*0*0*0*0*0*0
X2-s3@.*282*0*0*0*0*0*0
X5-s3@lives*11*0*0*0*0*0*0
X2-s3@girl*1*0*0*0*0*0*0
X5-s3@feeds*230*0*0*0*5*18*0
START-s3@John*0*1*0*0*2*1*59
X1-s3@who*0*23*0*0*3*382*112
X1-s3@feeds*0*0*0*0*0*2*0
X5-s5@boy*106*0*0*10*0*0*0
X5-s3@walks*4*0*0*1*1*1*3
X2-s3@chases*1*0*0*0*0*0*0
X4-s3@Mary*99*0*0*0*0*0*0
X5-s5@walks*3*0*0*5*0*0*0
X4-s3@cat*53*0*0*0*0*0*1
X4-s3@X3*18*0*0*16*0*0*0
X4-s3@X4*58*2*0*0*0*0*0
X4-s3@X1*36*0*0*7*2*0*0
X4-s3@X2*8*0*0*4*0*0*0
X3-s3@feeds*1*0*0*0*0*0*0
X4-s3@X5*143*0*0*0*0*2*0
X4-s5@girl*31*0*0*0*0*0*0
X1-s3@boy*5*2*0*0*0*0*0
X1-s3@lives*0*0*0*0*0*0*5
X5-s3@X5*4*0*0*1*42*30*0
X5-s3@X4*175*0*0*0*0*0*0
X4-s5@X5*54*0*0*2*9*0*0
X4-s3@boy*58*0*0*0*1*0*20
X4-s5@X4*57*0*0*4*0*0*0
X4-s5@X3*0*0*0*16*0*0*0
X5-s3@X1*40*1*0*5*0*1*3
X5-s3@X3*5*4*0*6*0*0*0
X5-s3@X2*56*0*0*1*0*0*0
X4-s3@dog*29*0*0*0*0*0*25
X3-s3@lives*4*0*0*0*0*0*1
X4-s3@girl*11*0*0*0*0*0*35
X4-s5@X2*20*0*0*3*0*0*0
X4-s5@X1*28*0*0*10*0*0*0
X5-s5@who*268*2*0*0*0*0*0
X4-s5@.*498*0*0*0*0*0*0
X1-s3@chases*1*12*0*0*7*1*0
X5-s5@girl*104*0*0*13*0*0*1
X4-s5@walks*31*0*0*5*0*0*0
X3-s3@.*7*0*0*0*0*0*0
X4-s5@dog*3*0*0*0*0*0*0
X5-s3@.*12*0*0*0*0*0*0
X5-s5@Mary*69*0*0*5*0*4*10
X4-s5@cat*0*0*0*1*0*0*0
START-s3@Mary*0*6*0*0*1*0*56
X4-s3@feeds*0*1*0*0*2*19*0
X3-s3@X1*3*0*0*18*0*10*5
X2-s3@cat*12*0*0*0*0*0*0
X1-s3@girl*0*0*0*1*0*0*0
X3-s3@X5*20*0*0*1*7*46*3
X4-s3@lives*104*0*0*2*1*0*2
X3-s3@X4*225*0*0*1*0*6*0
X3-s3@X3*5*0*0*19*0*1*0
X3-s3@X2*27*0*0*0*0*0*0
X5-s5@feeds*4*0*0*3*0*0*0
START-s3@dog*0*113*0*0*13*1*38
X5-s3@chases*224*0*0*0*4*6*2
X4-s5@feeds*309*0*0*3*1*0*0
START-s3@boy*0*125*0*0*0*2*26
X3-s3@chases*1*0*0*0*0*2*0
X4-s3@chases*1*0*0*0*0*27*0
X4-s5@who*2*0*0*0*0*0*0
X3-s3@girl*1*0*0*0*0*0*0
X1-s3@Mary*33*0*0*0*0*0*1
X1-s3@.*1*0*0*0*0*0*0
X1-s3@X2*107*0*0*0*0*0*0
X1-s3@X3*16*0*0*28*2*0*0
X1-s3@X1*5*2*0*8*3*1*2
X3-s3@cat*39*0*0*0*0*0*0
X3-s3@who*1*0*0*0*1*2*8
X1-s3@X4*140*0*0*6*0*0*1
X3-s3@walks*78*0*0*0*0*0*3
X1-s3@X5*42*0*0*0*1*66*0
X4-s5@chases*116*0*0*0*0*0*0
X2-s3@X3*10*0*0*6*0*6*0
X2-s3@X4*0*8*0*18*5*25*2
X2-s3@X5*11*0*0*5*34*43*3
START-s3@cat*0*141*0*0*1*1*28
X4-s3@walks*22*0*0*0*0*0*20
START-s3@X1*82*0*0*0*1*0*0
X1-s3@walks*0*0*0*0*0*0*9
X5-s5@cat*81*1*0*0*0*0*0
START-s3@X2*31*0*0*0*0*0*0
X2-s3@lives*3*0*0*0*0*0*0
X2-s3@X1*1*0*0*26*0*15*0
X2-s3@X2*36*0*0*4*0*0*0
START-s3@X4*143*0*0*0*0*0*1
START-s3@X3*237*0*0*1*0*0*0
START-s3@X5*307*0*0*0*0*0*0
conditional shift counts
goalPlusNonT*feeds*cat*walks*girl*chases*Mary*lives*John*dog*.*boy*who
X5-s5@X5-s4*7*82*8*118*226*88*0*15*152*0*116*270
X2-s3@X2-s2*0*12*0*1*1*0*3*0*0*282*1*0
X5-s3@X5-s2*253*4*10*0*236*0*11*0*0*12*0*0
START-s3@START-s2*0*171*0*185*0*63*0*63*165*0*153*0
X1-s3@X1-s2*2*0*9*1*21*34*5*0*0*1*7*520
X4-s3@X4-s2*22*54*42*46*28*99*109*188*54*0*79*0
X4-s5@X4-s4*313*1*36*31*116*0*56*2*3*498*0*2
X3-s3@X3-s2*1*39*81*1*3*0*5*0*1*7*0*12
