terminals
feeds*0 0 0 0 0 0 0.161872 0 0.848006 0 0 0 0.211144 0 0.337421 0 0 0 0.009066 0 0 0 0.310106 0 0 0 0 0 0 0
cat*0 0 0.231004 0 0.292131 0 0.218082 0 0 0.504236 0.178014 0 0 0 0 0 0.277996 0 0.628412 0 0 0.235817 0 0 0 0 0 0 0 0
girl*0 0 0.29408 0 0 0 0.328938 0 0 0 0.115614 0 0.040976 0.530935 0.058506 0 0.266663 0 0.623803 0 0 0.211463 0 0 0 0 0 0 0 0
walks*0 0 0 1 0 0 0 0 0 0 0 0 0 0 0 0 0 0 0 0 0 0 0 0 0 0 0 0 0 0
chases*0 0 0 0 0 0 0.276632 0 0.706446 0 0 0 0.095668 0 0.36941 0 0 0 0.006149 0 0 0 0.527971 0 0 0 0 0 0 0
Mary*0 0 0.50555 0 0.074891 0 0 0 0 0.790799 0.240433 0 0 0 0 0 0 0 0 0 0 0.235882 0 0 0 0 0 0 0 0
lives*0 0 0 0 0 0 0 0 0 0 0 1 0 0 0 0 0 0 0 0 0 0 0 0 0 0 0 0 0 0
John*0 0 0.589383 0 0 0 0 0 0 0.755538 0.255912 0 0 0 0 0 0 0 0 0 0 0.127666 0 0 0 0 0 0 0 0
dog*0 0 0.349378 0 0.193931 0 0.328006 0 0 0 0.069533 0 0.001324 0 0 0.463131 0 0 0.675458 0 0 0.239096 0 0 0 0 0 0 0 0
boy*0 0 0.283858 0 0.192108 0 0.446601 0 0 0.000004 0.102965 0 0 0 0.06077 0.524995 0 0 0.583316 0 0 0.229988 0 0 0 0 0 0 0 0
who*0 0 0.483622 0 0 0 0 0 0 0 0.641204 0 0.305338 0 0 0 0 0 0 0 0.511601 0 0 0 0 0 0 0 0 0
nonterminals
X_8*0.000013 0.000051 0.14838 0.856487 0.000013 0.000062 0.000013 0.033387 0.000013 0.000013 0.003793 0.061058 0.000013 0.364042 0.000013 0.000013 0.00083 0.071961 0.000032 0.281058 0.000013 0.000013 0.000013 0.000013 0.000013 0.000013 0.000013 0.000013 0.000013 0.151186
X_7*0.000015 0.000034 0.000033 0.563244 0.000007 0.426198 0.000026 0.360918 0.000007 0.000039 0.000007 0.014598 0.000007 0.193407 0.000007 0.000624 0.000007 0.364251 0.000007 0.44783 0.000007 0.000007 0.000007 0.000007 0.000007 0.000007 0.000007 0.000007 0.000007 0.000227
X_9*0.000098 0.000005 0.000016 0.000016 0.000005 0.000005 0.000005 0.218824 0.000005 0.00004 0.521059 0.000011 0.000005 0.000005 0.000005 0.000005 0.000005 0.000025 0.000005 0.000005 0.000005 0.000005 0.000005 0.000005 0.000005 0.000005 0.000005 0.000005 0.000005 0.824993
X_12*0.164775 0.164775 0.164775 0.348819 0.164775 0.164775 0.164775 0.164775 0.164775 0.164775 0.164775 0.164775 0.164775 0.164775 0.164775 0.164775 0.164775 0.164775 0.164775 0.343662 0.164775 0.164775 0.164775 0.164775 0.164775 0.164775 0.164775 0.164775 0.164775 0.164775
X_13*0.182574 0.182574 0.182574 0.182574 0.182574 0.182574 0.182574 0.182574 0.182574 0.182574 0.182574 0.182574 0.182574 0.182574 0.182574 0.182574 0.182574 0.182574 0.182574 0.182574 0.182574 0.182574 0.182574 0.182574 0.182574 0.182574 0.182574 0.182574 0.182574 0.182574
START*0 0 0 0 0 0 0 0 0 0 0 0 0 0 0 0 0 0 0 0 0 0 0 0 0 0 0 0 0 0
X_1*0.000178 0.00043 0.613968 0.039826 0.000178 0.005056 0.000178 0.001288 0.025839 0.000178 0.000178 0.000178 0.000178 0.000178 0.000178 0.000178 0.000178 0.024891 0.000178 0.000178 0.000178 0.000178 0.000178 0.000178 0.000178 0.000178 0.000178 0.000178 0.000178 0.787491
X_2*0 0 0 0.139066 0 0 0 0.043574 0 0 0 0 0 0 0 0 0 0 0 0.22052 0 0 0 0 0 0 0 0 0 0.964434
X_3*0.0032 0.001268 0.374084 0.074278 0.001268 0.003115 0.005443 0.751288 0.001268 0.001268 0.142207 0.001268 0.001268 0.006042 0.001268 0.001268 0.016075 0.001268 0.001268 0.09304 0.001268 0.074066 0.001268 0.001268 0.001268 0.001268 0.001268 0.001268 0.001268 0.505342
X_4*0 0 0.460005 0.313228 0 0 0 0 0 0 0.315312 0.115008 0 0 0 0 0 0.000303 0 0 0 0 0 0 0 0 0 0 0 0.760023
X_5*0 0 0 0.755461 0 0.079671 0 0 0 0 0 0.273468 0 0.461581 0 0 0 0.110841 0 0.350435 0 0 0 0 0 0 0 0 0 0
X_6*0 0 0 0 0 0.074891 0 0.181955 0 0 0 0 0 0 0 0 0 0 0 0.452119 0 0 0 0 0 0 0 0 0 0.869984
X_10*0 0 0.282207 0 0 0 0 0.115758 0 0 0.172068 0 0 0 0 0 0 0 0.2855 0.002769 0 0 0 0 0 0 0 0 0 0.892095
X_11*0 0.000001 0 0 0 0.428831 0 0.520481 0 0 0 0 0 0.05933 0 0.171193 0 0.147703 0 0.7004 0 0 0 0 0 0 0 0 0 0
productions
X_8*0 0 0 0 0 0 0 0 0 0 0 0 0 0 1 0 0 0 0 0 0 0 0 0 0 0 0 0 0 0*0 0 0 0 0 0 0 0 0 0 0 0 0 0 0 1 0 0 0 0 0 0 0 0 0 0 0 0 0 0
X_7*0 0 0 0 0 0 0 0 0 0 0 0 1 0 0 0 0 0 0 0 0 0 0 0 0 0 0 0 0 0*0 0 0 0 0 0 0 0 0 0 0 0 0 1 0 0 0 0 0 0 0 0 0 0 0 0 0 0 0 0
X_9*0 0 0 0 0 0 0 0 0 0 0 0 0 0 0 0 1 0 0 0 0 0 0 0 0 0 0 0 0 0*0 0 0 0 0 0 0 0 0 0 0 0 0 0 0 0 0 1 0 0 0 0 0 0 0 0 0 0 0 0
X_12*0 0 0 0 0 0 0 0 0 0 0 0 0 0 0 0 0 0 0 0 0 0 0 1 0 0 0 0 0 0*0 0 0 0 0 0 0 0 0 0 0 0 0 0 0 0 0 0 0 0 0 0 0 0 1 0 0 0 0 0*0 0 0 0 0 0 0 0 0 0 0 0 0 0 0 0 0 0 0 0 0 0 0 0 0 1 0 0 0 0
X_13*0 0 0 0 0 0 0 0 0 0 0 0 0 0 0 0 0 0 0 0 0 0 0 0 0 0 1 0 0 0*0 0 0 0 0 0 0 0 0 0 0 0 0 0 0 0 0 0 0 0 0 0 0 0 0 0 0 1 0 0*0 0 0 0 0 0 0 0 0 0 0 0 0 0 0 0 0 0 0 0 0 0 0 0 0 0 0 0 1 0
START*0 0 0 0 0 0 0 0 0 0 0 0 0 0 0 0 0 0 0 0 0 0 0 0 0 0 0 0 0 0*0 0 0 0 0 0 0 0 0 0 0 0 0 0 0 0 0 0 0 0 0 0 0 0 0 0 0 0 0 1
X_1*1 0 0 0 0 0 0 0 0 0 0 0 0 0 0 0 0 0 0 0 0 0 0 0 0 0 0 0 0 0*0 1 0 0 0 0 0 0 0 0 0 0 0 0 0 0 0 0 0 0 0 0 0 0 0 0 0 0 0 0
X_2*0 0 1 0 0 0 0 0 0 0 0 0 0 0 0 0 0 0 0 0 0 0 0 0 0 0 0 0 0 0*0 0 0 1 0 0 0 0 0 0 0 0 0 0 0 0 0 0 0 0 0 0 0 0 0 0 0 0 0 0
X_3*0 0 0 0 1 0 0 0 0 0 0 0 0 0 0 0 0 0 0 0 0 0 0 0 0 0 0 0 0 0*0 0 0 0 0 1 0 0 0 0 0 0 0 0 0 0 0 0 0 0 0 0 0 0 0 0 0 0 0 0
X_4*0 0 0 0 0 0 1 0 0 0 0 0 0 0 0 0 0 0 0 0 0 0 0 0 0 0 0 0 0 0*0 0 0 0 0 0 0 1 0 0 0 0 0 0 0 0 0 0 0 0 0 0 0 0 0 0 0 0 0 0
X_5*0 0 0 0 0 0 0 0 1 0 0 0 0 0 0 0 0 0 0 0 0 0 0 0 0 0 0 0 0 0*0 0 0 0 0 0 0 0 0 1 0 0 0 0 0 0 0 0 0 0 0 0 0 0 0 0 0 0 0 0
X_6*0 0 0 0 0 0 0 0 0 0 1 0 0 0 0 0 0 0 0 0 0 0 0 0 0 0 0 0 0 0*0 0 0 0 0 0 0 0 0 0 0 1 0 0 0 0 0 0 0 0 0 0 0 0 0 0 0 0 0 0
X_10*0 0 0 0 0 0 0 0 0 0 0 0 0 0 0 0 0 0 1 0 0 0 0 0 0 0 0 0 0 0*0 0 0 0 0 0 0 0 0 0 0 0 0 0 0 0 0 0 0 1 0 0 0 0 0 0 0 0 0 0
X_11*0 0 0 0 0 0 0 0 0 0 0 0 0 0 0 0 0 0 0 0 1 0 0 0 0 0 0 0 0 0*0 0 0 0 0 0 0 0 0 0 0 0 0 0 0 0 0 0 0 0 0 1 0 0 0 0 0 0 0 0*0 0 0 0 0 0 0 0 0 0 0 0 0 0 0 0 0 0 0 0 0 0 1 0 0 0 0 0 0 0
