terminals
feeds*0 0 0 0 0 0 0 0 0 0 0.983053 0 0 0 0 0 0 0 0 0 0 0 0 0 0 0.183322 0 0 0 0
cat*0.821678 0 0 0 0.241166 0 0 0 0.14889 0 0 0.397305 0 0 0 0 0.232021 0 0 0 0 0 0 0 0.181195 0 0 0 0 0
girl*0 0 0 0 0.071003 0 0.919733 0 0.05281 0 0 0.33586 0 0 0 0 0.127249 0 0 0 0 0 0 0 0.131401 0 0 0 0 0
walks*0 0 0 0 0 0.784282 0 0 0 0 0 0 0 0.620404 0 0 0 0 0 0 0 0 0 0 0 0 0 0 0 0
chases*0 0 0 0 0 0 0 0 0 0 0.940623 0 0 0 0 0 0 0 0 0 0 0 0 0 0 0.339452 0 0 0 0
Mary*0 0 0 0 0.665478 0 0 0 0 0 0 0.711867 0 0 0 0 0.075235 0 0 0 0 0 0 0 0.211479 0 0 0 0 0
lives*0 0 0 0 0 0.713811 0 0 0 0 0 0 0 0.700338 0 0 0 0 0 0 0 0 0 0 0 0 0 0 0 0
John*0 0 0 0 0.724169 0 0 0 0 0 0 0.68223 0 0 0 0 0 0 0 0 0 0 0 0 0.100699 0 0 0 0 0
dog*0.806517 0 0.191452 0 0.053502 0 0 0 0 0 0 0.349207 0 0 0 0 0.391324 0 0 0 0 0 0 0 0.186907 0 0 0 0 0
boy*0.87135 0 0 0 0.075037 0 0 0 0.101317 0 0 0.376725 0 0 0 0 0.215493 0 0 0 0 0 0 0 0.191035 0 0 0 0 0
who*0 0 0 0 0 0 0 0 0 0 0 0 0.945108 0 0 0 0 0 0 0 0 0 0 0.326758 0 0 0 0 0 0
nonterminals
X_8*0.000319 0.000669 0.000319 0.000319 0.0479 0.000319 0.000319 0.000319 0.000319 0.000319 0.000319 0.000319 0.000319 0.000808 0.000319 0.000319 0.017458 0.000319 0.000319 0.000319 0.000319 0.000319 0.000319 0.000319 0.000319 0.000319 0.000319 0.000319 0.000319 0.998698
X_7*0 0.810364 0 0.07768 0 0 0 0.513967 0 0.076719 0 0 0 0 0 0 0 0.259283 0 0 0 0 0 0 0 0 0 0 0 0
X_9*0 0 0 0 0 0 0.074681 0 0 0 0 0.386368 0 0 0 0 0 0 0 0 0 0 0 0 0.074891 0 0 0 0 0.916261
X_12*0 0.903531 0 0.11404 0 0 0 0.32968 0 0.248871 0 0 0 0 0 0 0 0 0 0 0 0 0 0 0 0 0 0 0 0
X_13*0.182574 0.182574 0.182574 0.182574 0.182574 0.182574 0.182574 0.182574 0.182574 0.182574 0.182574 0.182574 0.182574 0.182574 0.182574 0.182574 0.182574 0.182574 0.182574 0.182574 0.182574 0.182574 0.182574 0.182574 0.182574 0.182574 0.182574 0.182574 0.182574 0.182574
START*0 0 0 0 0 0 0 0 0 0 0 0 0 0 0 0 0 0 0 0 0 0 0 0 0 0 0 0 0 0
X_1*0 0 0 0 0.717961 0 0 0 0 0 0 0 0 0 0 0 0 0 0 0 0 0 0 0 0 0 0 0 0 0.696083
X_2*0.00279 0.00279 0.00279 0.009398 0.00279 0.038227 0.00279 0.00279 0.00279 0.00279 0.00279 0.998777 0.00279 0.007385 0.00279 0.00279 0.00279 0.00279 0.00279 0.024887 0.00279 0.00279 0.00279 0.00279 0.00279 0.00279 0.00279 0.00279 0.00279 0.005844
X_3*0 0 0 0 0 0 0 0 0 0 0 0 0 0 0 0 0 0 0 0 0 0 0 0 0 0 0 0 0 1
X_4*0 0 0 0 0.597764 0 0 0 0 0 0 0 0 0 0 0 0 0 0 0 0 0 0 0 0 0 0 0 0 0.801672
X_5*0.000161 0.000161 0.000161 0.000339 0.000701 0.000161 0.000161 0.075051 0.000161 0.000161 0.000161 0.994366 0.07484 0.000161 0.000161 0.000332 0.000373 0.000161 0.000161 0.000346 0.000161 0.000161 0.000161 0.000161 0.000161 0.000161 0.000161 0.000161 0.000161 0.000891
X_6*0 0.028886 0 0 0 0.901089 0 0.144217 0 0 0 0 0 0.269873 0 0 0 0.3059 0 0 0 0 0 0 0 0 0 0 0 0
X_10*0.003211 0.003211 0.003211 0.003211 0.003211 0.003211 0.003211 0.003211 0.003211 0.003211 0.003211 0.003211 0.003211 0.003211 0.003211 0.995435 0.003211 0.084325 0.003211 0.04148 0.003211 0.003211 0.003211 0.003211 0.003211 0.003211 0.003211 0.003211 0.003211 0.003211
X_11*0.173095 0.173095 0.173095 0.173095 0.173095 0.173095 0.173095 0.173095 0.173095 0.173095 0.173095 0.173095 0.173095 0.173095 0.173095 0.173095 0.173095 0.362091 0.173095 0.173095 0.173095 0.173095 0.173095 0.173095 0.173095 0.173095 0.173095 0.173095 0.173095 0.173095
productions
X_8*0 0 0 0 0 0 0 0 0 0 0 0 0 0 1 0 0 0 0 0 0 0 0 0 0 0 0 0 0 0*0 0 0 0 0 0 0 0 0 0 0 0 0 0 0 1 0 0 0 0 0 0 0 0 0 0 0 0 0 0
X_7*0 0 0 0 0 0 0 0 0 0 0 0 1 0 0 0 0 0 0 0 0 0 0 0 0 0 0 0 0 0*0 0 0 0 0 0 0 0 0 0 0 0 0 1 0 0 0 0 0 0 0 0 0 0 0 0 0 0 0 0
X_9*0 0 0 0 0 0 0 0 0 0 0 0 0 0 0 0 1 0 0 0 0 0 0 0 0 0 0 0 0 0*0 0 0 0 0 0 0 0 0 0 0 0 0 0 0 0 0 1 0 0 0 0 0 0 0 0 0 0 0 0
X_12*0 0 0 0 0 0 0 0 0 0 0 0 0 0 0 0 0 0 0 0 0 0 0 1 0 0 0 0 0 0*0 0 0 0 0 0 0 0 0 0 0 0 0 0 0 0 0 0 0 0 0 0 0 0 1 0 0 0 0 0*0 0 0 0 0 0 0 0 0 0 0 0 0 0 0 0 0 0 0 0 0 0 0 0 0 1 0 0 0 0
X_13*0 0 0 0 0 0 0 0 0 0 0 0 0 0 0 0 0 0 0 0 0 0 0 0 0 0 1 0 0 0*0 0 0 0 0 0 0 0 0 0 0 0 0 0 0 0 0 0 0 0 0 0 0 0 0 0 0 1 0 0*0 0 0 0 0 0 0 0 0 0 0 0 0 0 0 0 0 0 0 0 0 0 0 0 0 0 0 0 1 0
START*0 0 0 0 0 0 0 0 0 0 0 0 0 0 0 0 0 0 0 0 0 0 0 0 0 0 0 0 0 0*0 0 0 0 0 0 0 0 0 0 0 0 0 0 0 0 0 0 0 0 0 0 0 0 0 0 0 0 0 1
X_1*1 0 0 0 0 0 0 0 0 0 0 0 0 0 0 0 0 0 0 0 0 0 0 0 0 0 0 0 0 0*0 1 0 0 0 0 0 0 0 0 0 0 0 0 0 0 0 0 0 0 0 0 0 0 0 0 0 0 0 0
X_2*0 0 1 0 0 0 0 0 0 0 0 0 0 0 0 0 0 0 0 0 0 0 0 0 0 0 0 0 0 0*0 0 0 1 0 0 0 0 0 0 0 0 0 0 0 0 0 0 0 0 0 0 0 0 0 0 0 0 0 0
X_3*0 0 0 0 1 0 0 0 0 0 0 0 0 0 0 0 0 0 0 0 0 0 0 0 0 0 0 0 0 0*0 0 0 0 0 1 0 0 0 0 0 0 0 0 0 0 0 0 0 0 0 0 0 0 0 0 0 0 0 0
X_4*0 0 0 0 0 0 1 0 0 0 0 0 0 0 0 0 0 0 0 0 0 0 0 0 0 0 0 0 0 0*0 0 0 0 0 0 0 1 0 0 0 0 0 0 0 0 0 0 0 0 0 0 0 0 0 0 0 0 0 0
X_5*0 0 0 0 0 0 0 0 1 0 0 0 0 0 0 0 0 0 0 0 0 0 0 0 0 0 0 0 0 0*0 0 0 0 0 0 0 0 0 1 0 0 0 0 0 0 0 0 0 0 0 0 0 0 0 0 0 0 0 0
X_6*0 0 0 0 0 0 0 0 0 0 1 0 0 0 0 0 0 0 0 0 0 0 0 0 0 0 0 0 0 0*0 0 0 0 0 0 0 0 0 0 0 1 0 0 0 0 0 0 0 0 0 0 0 0 0 0 0 0 0 0
X_10*0 0 0 0 0 0 0 0 0 0 0 0 0 0 0 0 0 0 1 0 0 0 0 0 0 0 0 0 0 0*0 0 0 0 0 0 0 0 0 0 0 0 0 0 0 0 0 0 0 1 0 0 0 0 0 0 0 0 0 0
X_11*0 0 0 0 0 0 0 0 0 0 0 0 0 0 0 0 0 0 0 0 1 0 0 0 0 0 0 0 0 0*0 0 0 0 0 0 0 0 0 0 0 0 0 0 0 0 0 0 0 0 0 1 0 0 0 0 0 0 0 0*0 0 0 0 0 0 0 0 0 0 0 0 0 0 0 0 0 0 0 0 0 0 1 0 0 0 0 0 0 0
