terminals
feeds*0 0 0 0 0.000005 0 0.537815 0 0 0 0 0 0.576288 0 0 0 0.000001 0 0 0 0 0 0.517276 0 0 0 0 0 0.333277 0
cat*0.299552 0.000017 0.911498 0.000017 0.008992 0.00016 0.000017 0.02356 0.003082 0.000017 0.000017 0.000017 0.000017 0.258383 0.000186 0.000074 0.091792 0.000017 0.000017 0.000017 0.000017 0.0074 0.000017 0.000017 0.000017 0.000017 0.000017 0.059603 0.000017 0.000017
girl*0.725635 0.000037 0.596457 0.000146 0.000037 0.000037 0.000077 0.095754 0.000037 0.000037 0.000037 0.000037 0.000037 0.265598 0.04486 0.000103 0.000037 0.000037 0.010487 0.000037 0.000037 0.122728 0.000037 0.000037 0.000037 0.000037 0.000037 0.144214 0.000037 0.000037
walks*0 0 0 0 0 0 0 0 0 0.292287 0 0.898729 0 0 0 0 0 0 0 0.326886 0 0 0 0 0 0 0 0 0 0
chases*0 0 0.000001 0 0 0 0.777314 0 0 0 0 0 0.402714 0 0 0 0 0 0 0 0 0 0.105471 0 0 0 0 0 0.471678 0
Mary*0.000084 0.000038 0.000038 0.000302 0.000038 0.000038 0.000038 0.158536 0.01936 0.000038 0.000179 0.000038 0.000038 0.755061 0.000038 0.000038 0.363978 0.000092 0.003221 0.000038 0.000038 0.521425 0.000038 0.000038 0.000038 0.000038 0.000038 0.000038 0.000038 0.000038
lives*0 0 0 0 0 0.000001 0 0 0 0 0 0.845308 0 0 0 0 0 0.003442 0 0.534268 0 0 0 0 0 0 0 0 0 0
John*0.000005 0.000005 0.000005 0.000005 0.078047 0.000026 0.00001 0.727836 0.198442 0.000005 0.000005 0.000005 0.000005 0.000005 0.000011 0.000005 0.235006 0.000005 0.00001 0.000005 0.000005 0.125154 0.000005 0.000005 0.000005 0.000005 0.000005 0.594889 0.000005 0.000005
dog*0.680049 0.000036 0.58106 0.000036 0.001569 0.000036 0.000036 0.081018 0.000036 0.000036 0.006799 0.000036 0.000523 0.253027 0.000465 0.000036 0.293802 0.000078 0.000036 0.000036 0.000036 0.13302 0.000036 0.000036 0.000036 0.000036 0.000036 0.158909 0.000036 0.000036
boy*0.488615 0.000064 0.772026 0.000255 0.124749 0.000448 0.000064 0.177921 0.036252 0.000064 0.000064 0.000064 0.000064 0.197213 0.000064 0.000064 0.000064 0.000064 0.007021 0.000064 0.000064 0.093542 0.000064 0.000064 0.000064 0.000064 0.000064 0.26269 0.000064 0.000064
who*0 0 0 0 0 0 0 0 0 0 0.818112 0 0 0 0.219103 0 0 0 0 0 0.247704 0 0 0 0 0 0.470456 0 0 0
nonterminals
X_8*0.000014 0.000084 0.000014 0.540563 0.000014 0.000014 0.000014 0.00003 0.000014 0.000078 0.000052 0.000014 0.000014 0.000014 0.000151 0.000189 0.000014 0.000014 0.000031 0.000014 0.000014 0.000014 0.000014 0.000014 0.000014 0.000014 0.000014 0.000014 0.000014 0.841304
X_7*0.000003 0.004549 0.000003 0.000003 0.000003 0.015582 0.000003 0.000003 0.000019 0.000003 0.000003 0.000003 0.000003 0.000011 0.000003 0.999749 0.000003 0.01541 0.000014 0.000008 0.000003 0.000003 0.000003 0.000003 0.000003 0.000003 0.000003 0.000003 0.000003 0.000011
X_9*0.000009 0.000009 0.000009 0.000009 0.000009 0.000009 0.000009 0.000009 0.000009 0.000009 0.000009 0.000009 0.000009 0.000009 0.000009 0.000009 0.000009 0.000033 0.000009 0.00002 0.000009 0.000009 0.000009 0.000009 0.000009 0.000009 0.000009 0.000009 0.000009 1
X_12*0.182574 0.182574 0.182574 0.182574 0.182574 0.182574 0.182574 0.182574 0.182574 0.182574 0.182574 0.182574 0.182574 0.182574 0.182574 0.182574 0.182574 0.182574 0.182574 0.182574 0.182574 0.182574 0.182574 0.182574 0.182574 0.182574 0.182574 0.182574 0.182574 0.182574
X_13*0.002159 0.609949 0.002159 0.792358 0.002159 0.002159 0.002159 0.002159 0.002159 0.002159 0.002159 0.002159 0.002159 0.002159 0.002159 0.002159 0.002159 0.002159 0.002159 0.002159 0.002159 0.002159 0.002159 0.002159 0.002159 0.002159 0.002159 0.002159 0.002159 0.002159
START*0 0 0 0 0 0 0 0 0 0 0 0 0 0 0 0 0 0 0 0 0 0 0 0 0 0 0 0 0 0
X_1*0.103025 0.000024 0.000024 0.000024 0.000071 0.000113 0.000024 0.000072 0.504883 0.000024 0.002174 0.000024 0.000024 0.000024 0.000024 0.000024 0.000024 0.000024 0.830554 0.000024 0.000024 0.000024 0.000024 0.000024 0.000024 0.000024 0.000024 0.103045 0.000024 0.184488
X_2*0.014187 0.000018 0.000003 0.000007 0.000003 0.000017 0.000003 0.631101 0.000003 0.000003 0.256537 0.000003 0.000003 0.000003 0.731306 0.000003 0.000003 0.000003 0.029841 0.000003 0.000003 0.000003 0.000003 0.000003 0.000003 0.000003 0.000003 0.000003 0.000003 0.000003
X_3*0.000045 0.000152 0.000045 0.000045 0.000045 0.000794 0.000045 0.000045 0.000045 0.000097 0.000045 0.000045 0.000045 0.0001 0.000045 0.000045 0.000045 0.000185 0.000192 0.000045 0.000045 0.000045 0.000045 0.000045 0.000045 0.000045 0.000045 0.000045 0.000045 1
X_4*0.000015 0.213812 0.000015 0.000032 0.000015 0.11985 0.000015 0.000015 0.000015 0.38867 0.000015 0.000301 0.000015 0.000015 0.000015 0.482686 0.000015 0.745567 0.000015 0.000099 0.000015 0.000015 0.000015 0.000015 0.000015 0.000015 0.000015 0.000015 0.000015 0.000031
X_5*0.000012 0.000012 0.000012 0.000012 0.000012 0.000012 0.000012 0.000012 0.000033 0.000012 0.000012 0.000012 0.000012 0.000012 0.000012 0.000012 0.000012 0.000012 0.000012 0.000012 0.000012 0.000012 0.000012 0.000012 0.000012 0.000012 0.000012 0.000012 0.000012 1
X_6*0.000002 0.919606 0.000002 0.328573 0.000002 0.000008 0.000002 0.000002 0.000002 0.000002 0.000002 0.000002 0.000002 0.000011 0.000002 0.000002 0.000002 0.000002 0.000002 0.000002 0.000002 0.000002 0.000002 0.000002 0.000002 0.000002 0.000002 0.000002 0.000002 0.215324
X_10*0.000001 0.000001 0.000001 0.000001 0.000001 0.000001 0.000001 0.000001 0.000001 0.000001 0.000001 0.000001 0.000001 0.000003 0.000001 0.000001 0.000001 0.000001 0.000001 0.000001 0.000001 0.000001 0.000001 0.000001 0.000001 0.000001 0.000001 0.000001 0.000001 1
X_11*0.000361 0.000361 0.000361 0.999996 0.000361 0.00079 0.000361 0.000361 0.000361 0.000361 0.000361 0.000361 0.000361 0.0017 0.000361 0.001362 0.000361 0.000361 0.000361 0.000361 0.000361 0.000361 0.000361 0.000361 0.000361 0.000361 0.000361 0.000361 0.000361 0.000361
productions
X_8*0 0 0 0 0 0 0 0 0 0 0 0 0 0 1 0 0 0 0 0 0 0 0 0 0 0 0 0 0 0*0 0 0 0 0 0 0 0 0 0 0 0 0 0 0 1 0 0 0 0 0 0 0 0 0 0 0 0 0 0
X_7*0 0 0 0 0 0 0 0 0 0 0 0 1 0 0 0 0 0 0 0 0 0 0 0 0 0 0 0 0 0*0 0 0 0 0 0 0 0 0 0 0 0 0 1 0 0 0 0 0 0 0 0 0 0 0 0 0 0 0 0
X_9*0 0 0 0 0 0 0 0 0 0 0 0 0 0 0 0 1 0 0 0 0 0 0 0 0 0 0 0 0 0*0 0 0 0 0 0 0 0 0 0 0 0 0 0 0 0 0 1 0 0 0 0 0 0 0 0 0 0 0 0
X_12*0 0 0 0 0 0 0 0 0 0 0 0 0 0 0 0 0 0 0 0 0 0 0 1 0 0 0 0 0 0*0 0 0 0 0 0 0 0 0 0 0 0 0 0 0 0 0 0 0 0 0 0 0 0 1 0 0 0 0 0*0 0 0 0 0 0 0 0 0 0 0 0 0 0 0 0 0 0 0 0 0 0 0 0 0 1 0 0 0 0
X_13*0 0 0 0 0 0 0 0 0 0 0 0 0 0 0 0 0 0 0 0 0 0 0 0 0 0 1 0 0 0*0 0 0 0 0 0 0 0 0 0 0 0 0 0 0 0 0 0 0 0 0 0 0 0 0 0 0 1 0 0*0 0 0 0 0 0 0 0 0 0 0 0 0 0 0 0 0 0 0 0 0 0 0 0 0 0 0 0 1 0
START*0 0 0 0 0 0 0 0 0 0 0 0 0 0 0 0 0 0 0 0 0 0 0 0 0 0 0 0 0 0*0 0 0 0 0 0 0 0 0 0 0 0 0 0 0 0 0 0 0 0 0 0 0 0 0 0 0 0 0 1
X_1*1 0 0 0 0 0 0 0 0 0 0 0 0 0 0 0 0 0 0 0 0 0 0 0 0 0 0 0 0 0*0 1 0 0 0 0 0 0 0 0 0 0 0 0 0 0 0 0 0 0 0 0 0 0 0 0 0 0 0 0
X_2*0 0 1 0 0 0 0 0 0 0 0 0 0 0 0 0 0 0 0 0 0 0 0 0 0 0 0 0 0 0*0 0 0 1 0 0 0 0 0 0 0 0 0 0 0 0 0 0 0 0 0 0 0 0 0 0 0 0 0 0
X_3*0 0 0 0 1 0 0 0 0 0 0 0 0 0 0 0 0 0 0 0 0 0 0 0 0 0 0 0 0 0*0 0 0 0 0 1 0 0 0 0 0 0 0 0 0 0 0 0 0 0 0 0 0 0 0 0 0 0 0 0
X_4*0 0 0 0 0 0 1 0 0 0 0 0 0 0 0 0 0 0 0 0 0 0 0 0 0 0 0 0 0 0*0 0 0 0 0 0 0 1 0 0 0 0 0 0 0 0 0 0 0 0 0 0 0 0 0 0 0 0 0 0
X_5*0 0 0 0 0 0 0 0 1 0 0 0 0 0 0 0 0 0 0 0 0 0 0 0 0 0 0 0 0 0*0 0 0 0 0 0 0 0 0 1 0 0 0 0 0 0 0 0 0 0 0 0 0 0 0 0 0 0 0 0
X_6*0 0 0 0 0 0 0 0 0 0 1 0 0 0 0 0 0 0 0 0 0 0 0 0 0 0 0 0 0 0*0 0 0 0 0 0 0 0 0 0 0 1 0 0 0 0 0 0 0 0 0 0 0 0 0 0 0 0 0 0
X_10*0 0 0 0 0 0 0 0 0 0 0 0 0 0 0 0 0 0 1 0 0 0 0 0 0 0 0 0 0 0*0 0 0 0 0 0 0 0 0 0 0 0 0 0 0 0 0 0 0 1 0 0 0 0 0 0 0 0 0 0
X_11*0 0 0 0 0 0 0 0 0 0 0 0 0 0 0 0 0 0 0 0 1 0 0 0 0 0 0 0 0 0*0 0 0 0 0 0 0 0 0 0 0 0 0 0 0 0 0 0 0 0 0 1 0 0 0 0 0 0 0 0*0 0 0 0 0 0 0 0 0 0 0 0 0 0 0 0 0 0 0 0 0 0 1 0 0 0 0 0 0 0
