terminals
feeds*0 0 0 0 0.000026 0 0 0 0 0 0 0 0 0 0.983052 0 0 0 0 0 0 0 0.183327 0 0 0 0 0 0 0
cat*0.234675 0 0.774784 0 0 0 0.31432 0 0 0 0 0 0.173636 0 0 0.422656 0 0 0 0 0 0.192492 0 0 0 0 0 0 0 0
girl*0.150705 0 0.831247 0 0 0 0.171886 0 0 0 0 0 0.245145 0 0 0.41187 0 0 0 0 0 0.164435 0 0 0 0 0 0 0 0
walks*0 0.99757 0 0 0 0.069676 0 0 0 0 0 0 0 0 0 0 0 0 0 0 0 0 0 0 0 0 0 0 0 0
chases*0 0 0 0 0 0 0 0 0 0 0 0 0 0 0.940623 0 0 0 0 0 0 0 0.339452 0 0 0 0 0 0 0
Mary*0.48987 0 0.315042 0 0 0 0 0 0 0 0 0 0 0 0 0.779455 0 0 0 0 0 0.230705 0 0 0 0 0 0 0 0
lives*0 1 0 0 0 0 0 0 0 0 0 0 0 0 0 0 0 0 0 0 0 0 0 0 0 0 0 0 0 0
John*0.54656 0 0.309143 0 0 0 0 0 0 0 0 0 0 0 0 0.766596 0 0 0 0 0 0.134287 0 0 0 0 0 0 0 0
dog*0.046391 0 0.854144 0 0 0 0.279026 0 0 0 0 0 0.217531 0 0 0.332147 0 0 0 0 0 0.181076 0 0 0 0 0 0 0 0
boy*0.084855 0 0.828215 0 0 0 0 0 0 0 0 0 0.288368 0 0 0.406176 0.133934 0 0 0 0 0.201953 0 0 0 0 0 0 0 0
who*0.943396 0 0 0 0 0 0 0 0 0 0 0 0 0 0 0 0 0 0 0 0.331669 0 0 0 0 0 0 0 0 0
nonterminals
X_8*0 0.863494 0 0.504359 0 0 0 0 0 0 0 0 0 0 0 0 0 0 0 0 0 0 0 0 0 0 0 0 0 0
X_7*0.725649 0 0 0 0 0 0 0 0 0 0 0 0 0 0 0 0 0 0 0 0 0 0 0 0 0 0 0 0 0.688065
X_9*0.001811 0.001811 0.001811 0.015609 0.001811 0.071716 0.001811 0.004636 0.001811 0.001811 0.001811 0.001811 0.001811 0.007186 0.001811 0.99709 0.0042 0.014367 0.001811 0.004925 0.001811 0.001811 0.001811 0.001811 0.001811 0.001811 0.001811 0.001811 0.001811 0.005882
X_12*0.173162 0.173162 0.173162 0.361155 0.173162 0.173162 0.173162 0.173162 0.173162 0.173162 0.173162 0.173162 0.173162 0.173162 0.173162 0.173162 0.173162 0.173162 0.173162 0.173162 0.173162 0.173162 0.173162 0.173162 0.173162 0.173162 0.173162 0.173162 0.173162 0.173162
X_13*0.182574 0.182574 0.182574 0.182574 0.182574 0.182574 0.182574 0.182574 0.182574 0.182574 0.182574 0.182574 0.182574 0.182574 0.182574 0.182574 0.182574 0.182574 0.182574 0.182574 0.182574 0.182574 0.182574 0.182574 0.182574 0.182574 0.182574 0.182574 0.182574 0.182574
START*0 0 0 0 0 0 0 0 0 0 0 0 0 0 0 0 0 0 0 0 0 0 0 0 0 0 0 0 0 0
X_1*0 0 0 0.445133 0 0 0 0.207432 0 0 0 0 0 0 0 0 0 0.045648 0 0 0 0 0 0 0 0 0 0 0 0.869911
X_2*0.612257 0 0 0 0 0 0 0 0 0 0 0 0 0 0 0 0 0 0 0 0 0 0 0 0 0 0 0 0 0.790659
X_3*0.07535 0.149819 0.07535 0.07535 0.07535 0.07535 0.07535 0.07535 0.07535 0.07535 0.07535 0.244124 0.07535 0.87445 0.07535 0.07535 0.07535 0.07535 0.07535 0.07535 0.07535 0.07535 0.07535 0.07535 0.07535 0.07535 0.07535 0.07535 0.07535 0.07535
X_4*0 0.069702 0 0 0.069311 0.010349 0 0 0 0 0 0 0 0 0 0.992673 0 0.000002 0 0 0 0.069506 0 0 0 0 0 0 0 0.000001
X_5*0.173065 0.173065 0.173065 0.173065 0.173065 0.173065 0.173065 0.362494 0.173065 0.173065 0.173065 0.173065 0.173065 0.173065 0.173065 0.173065 0.173065 0.173065 0.173065 0.173065 0.173065 0.173065 0.173065 0.173065 0.173065 0.173065 0.173065 0.173065 0.173065 0.173065
X_6*0.138502 0.138502 0.138502 0.138502 0.138502 0.138502 0.138502 0.138502 0.138502 0.138502 0.138502 0.138502 0.138502 0.465505 0.138502 0.312691 0.138502 0.32023 0.138502 0.138502 0.138502 0.138502 0.138502 0.138502 0.138502 0.138502 0.138502 0.138502 0.138502 0.290223
X_10*0.038267 0.038267 0.038267 0.217916 0.038267 0.038267 0.038267 0.038267 0.038267 0.038267 0.038267 0.038267 0.038267 0.038267 0.038267 0.038267 0.038267 0.038267 0.260872 0.179816 0.038267 0.038267 0.038267 0.038267 0.038267 0.038267 0.038267 0.038267 0.038267 0.902248
X_11*0 0 0 0 0 0 0 0.253338 0 0 0 0 0 0.967161 0 0 0 0.020485 0 0 0 0 0 0 0 0 0 0 0 0
productions
X_8*0 0 0 0 0 0 0 0 0 0 0 0 0 0 1 0 0 0 0 0 0 0 0 0 0 0 0 0 0 0*0 0 0 0 0 0 0 0 0 0 0 0 0 0 0 1 0 0 0 0 0 0 0 0 0 0 0 0 0 0
X_7*0 0 0 0 0 0 0 0 0 0 0 0 1 0 0 0 0 0 0 0 0 0 0 0 0 0 0 0 0 0*0 0 0 0 0 0 0 0 0 0 0 0 0 1 0 0 0 0 0 0 0 0 0 0 0 0 0 0 0 0
X_9*0 0 0 0 0 0 0 0 0 0 0 0 0 0 0 0 1 0 0 0 0 0 0 0 0 0 0 0 0 0*0 0 0 0 0 0 0 0 0 0 0 0 0 0 0 0 0 1 0 0 0 0 0 0 0 0 0 0 0 0
X_12*0 0 0 0 0 0 0 0 0 0 0 0 0 0 0 0 0 0 0 0 0 0 0 1 0 0 0 0 0 0*0 0 0 0 0 0 0 0 0 0 0 0 0 0 0 0 0 0 0 0 0 0 0 0 1 0 0 0 0 0*0 0 0 0 0 0 0 0 0 0 0 0 0 0 0 0 0 0 0 0 0 0 0 0 0 1 0 0 0 0
X_13*0 0 0 0 0 0 0 0 0 0 0 0 0 0 0 0 0 0 0 0 0 0 0 0 0 0 1 0 0 0*0 0 0 0 0 0 0 0 0 0 0 0 0 0 0 0 0 0 0 0 0 0 0 0 0 0 0 1 0 0*0 0 0 0 0 0 0 0 0 0 0 0 0 0 0 0 0 0 0 0 0 0 0 0 0 0 0 0 1 0
START*0 0 0 0 0 0 0 0 0 0 0 0 0 0 0 0 0 0 0 0 0 0 0 0 0 0 0 0 0 0*0 0 0 0 0 0 0 0 0 0 0 0 0 0 0 0 0 0 0 0 0 0 0 0 0 0 0 0 0 1
X_1*1 0 0 0 0 0 0 0 0 0 0 0 0 0 0 0 0 0 0 0 0 0 0 0 0 0 0 0 0 0*0 1 0 0 0 0 0 0 0 0 0 0 0 0 0 0 0 0 0 0 0 0 0 0 0 0 0 0 0 0
X_2*0 0 1 0 0 0 0 0 0 0 0 0 0 0 0 0 0 0 0 0 0 0 0 0 0 0 0 0 0 0*0 0 0 1 0 0 0 0 0 0 0 0 0 0 0 0 0 0 0 0 0 0 0 0 0 0 0 0 0 0
X_3*0 0 0 0 1 0 0 0 0 0 0 0 0 0 0 0 0 0 0 0 0 0 0 0 0 0 0 0 0 0*0 0 0 0 0 1 0 0 0 0 0 0 0 0 0 0 0 0 0 0 0 0 0 0 0 0 0 0 0 0
X_4*0 0 0 0 0 0 1 0 0 0 0 0 0 0 0 0 0 0 0 0 0 0 0 0 0 0 0 0 0 0*0 0 0 0 0 0 0 1 0 0 0 0 0 0 0 0 0 0 0 0 0 0 0 0 0 0 0 0 0 0
X_5*0 0 0 0 0 0 0 0 1 0 0 0 0 0 0 0 0 0 0 0 0 0 0 0 0 0 0 0 0 0*0 0 0 0 0 0 0 0 0 1 0 0 0 0 0 0 0 0 0 0 0 0 0 0 0 0 0 0 0 0
X_6*0 0 0 0 0 0 0 0 0 0 1 0 0 0 0 0 0 0 0 0 0 0 0 0 0 0 0 0 0 0*0 0 0 0 0 0 0 0 0 0 0 1 0 0 0 0 0 0 0 0 0 0 0 0 0 0 0 0 0 0
X_10*0 0 0 0 0 0 0 0 0 0 0 0 0 0 0 0 0 0 1 0 0 0 0 0 0 0 0 0 0 0*0 0 0 0 0 0 0 0 0 0 0 0 0 0 0 0 0 0 0 1 0 0 0 0 0 0 0 0 0 0
X_11*0 0 0 0 0 0 0 0 0 0 0 0 0 0 0 0 0 0 0 0 1 0 0 0 0 0 0 0 0 0*0 0 0 0 0 0 0 0 0 0 0 0 0 0 0 0 0 0 0 0 0 1 0 0 0 0 0 0 0 0*0 0 0 0 0 0 0 0 0 0 0 0 0 0 0 0 0 0 0 0 0 0 1 0 0 0 0 0 0 0
