terminals
feeds*0 0 0 0 0 0.597892 0 0 0 0 0 0 0 0 0.801577 0 0 0 0 0 0 0 0 0 0 0 0 0 0 0
cat*0 0 0 0 0 0 0 0 0.015735 0 0 0 0 0 0 0.037108 0 0 0 0 0 0 0 0.999096 0 0.013545 0 0 0 0
walks*0 0 0 0 0 0 0 0 0 0.632185 0 0 0 0 0 0 0 0 0 0 0 0 0 0 0 0.774817 0 0 0 0
girl*0 0 0 0 0 0 0 0 0.024332 0 0 0 0 0 0 0.049384 0 0 0 0 0 0 0 0.997129 0 0.051988 0 0 0 0
Mary*0 0 0 0 0 0 0 0 0.484633 0 0 0 0 0 0 0.754634 0 0 0 0 0 0 0 0 0 0.442333 0 0 0 0
chases*0 0 0 0 0 0.375727 0 0 0 0 0 0 0 0 0.926731 0 0 0 0 0 0 0 0 0 0 0 0 0 0 0
lives*0 0 0 0 0 0 0 0 0 0.77079 0 0 0 0 0 0 0 0 0 0 0 0 0 0 0 0.637089 0 0 0 0
John*0 0 0 0 0 0 0 0 0.52425 0 0 0 0 0 0 0.656033 0 0 0 0 0 0 0 0 0 0.542939 0 0 0 0
dog*0 0 0 0 0 0 0 0 0.015168 0 0 0 0 0 0 0.021695 0 0 0 0 0 0 0 0.998852 0 0.039926 0 0 0 0
boy*0 0 0 0 0 0 0 0 0.042872 0 0 0 0 0 0 0.036824 0 0 0 0 0 0 0 0.98673 0 0.152219 0 0 0 0
who*0 0 0 0 0 0 0 0 0 0 0 0 0 0 0 0 0 0 0 0 0 0 0 0 1 0 0 0 0 0
nonterminals
X_8*0 0 0 0 0 0 0 0 0 0.95705 0 0 0 0 0 0 0 0 0 0 0 0 0 0 0 0.289922 0 0 0 0
X_7*0.173056 0.173056 0.173056 0.173056 0.173056 0.173056 0.173056 0.173056 0.173056 0.173056 0.173056 0.173056 0.173056 0.173056 0.173056 0.173056 0.173056 0.173056 0.173056 0.173056 0.173056 0.173056 0.173056 0.173056 0.173056 0.173056 0.173056 0.173056 0.173056 0.362629
X_9*0.149408 0.149408 0.149408 0.149408 0.149408 0.149408 0.149408 0.149408 0.149408 0.335592 0.149408 0.149408 0.149408 0.149408 0.149408 0.149408 0.149408 0.320805 0.149408 0.311946 0.149408 0.149408 0.149408 0.326741 0.149408 0.149408 0.149408 0.149408 0.149408 0.149408
X_12*0 0 0 0 0.000025 0 0 0 0.694505 0 0 0 0 0 0 0.000018 0 0 0 0 0 0 0 0 0 0 0 0 0 0.719488
X_13*0.097723 0.23552 0.097723 0.097723 0.097723 0.097723 0.097723 0.097723 0.097723 0.502613 0.097723 0.097723 0.097723 0.097723 0.097723 0.097723 0.097723 0.097723 0.097723 0.097723 0.097723 0.097723 0.097723 0.097723 0.097723 0.097723 0.097723 0.395231 0.21971 0.498682
START*0 0 0 0 0 0 0 0 0 0 0 0 0 0 0 0 0 0 0 0 0 0 0 0 0 0 0 0 0 0
X_1*0.132685 0.132685 0.132685 0.132685 0.132685 0.132685 0.285273 0.293341 0.311711 0.132685 0.132685 0.132685 0.132685 0.132685 0.132685 0.132685 0.132685 0.132685 0.132685 0.132685 0.132685 0.132685 0.132685 0.132685 0.314463 0.132685 0.132685 0.132685 0.132685 0.443158
X_2*0.173083 0.173083 0.173083 0.173083 0.173083 0.173083 0.173083 0.173083 0.173083 0.173083 0.173083 0.173083 0.173083 0.173083 0.173083 0.173083 0.173083 0.173083 0.173083 0.173083 0.173083 0.173083 0.173083 0.173083 0.173083 0.173083 0.173083 0.173083 0.173083 0.362249
X_3*0 0 0 0 0 0 0 0 0.620019 0 0 0 0 0 0 0.508893 0 0 0 0 0 0 0 0 0 0 0 0 0 0.597164
X_4*0.173111 0.173111 0.173111 0.173111 0.173111 0.173111 0.173111 0.173111 0.173111 0.173111 0.173111 0.173111 0.173111 0.173111 0.173111 0.173111 0.173111 0.173111 0.173111 0.173111 0.173111 0.173111 0.173111 0.173111 0.173111 0.173111 0.173111 0.173111 0.173111 0.361869
X_5*0 0 0 0 0 0 0 0 0 0 0 0 0 0 0 0 0 0 0 0 0 0 0 0 0 0 0 0 0 1
X_6*0.182574 0.182574 0.182574 0.182574 0.182574 0.182574 0.182574 0.182574 0.182574 0.182574 0.182574 0.182574 0.182574 0.182574 0.182574 0.182574 0.182574 0.182574 0.182574 0.182574 0.182574 0.182574 0.182574 0.182574 0.182574 0.182574 0.182574 0.182574 0.182574 0.182574
X_10*0.173138 0.173138 0.173138 0.173138 0.173138 0.173138 0.173138 0.173138 0.173138 0.173138 0.173138 0.173138 0.173138 0.173138 0.173138 0.173138 0.173138 0.173138 0.173138 0.173138 0.173138 0.173138 0.173138 0.173138 0.173138 0.173138 0.173138 0.173138 0.173138 0.361491
X_11*0.182574 0.182574 0.182574 0.182574 0.182574 0.182574 0.182574 0.182574 0.182574 0.182574 0.182574 0.182574 0.182574 0.182574 0.182574 0.182574 0.182574 0.182574 0.182574 0.182574 0.182574 0.182574 0.182574 0.182574 0.182574 0.182574 0.182574 0.182574 0.182574 0.182574
productions
X_8*0 0 0 0 0 0 0 0 0 0 0 0 0 0 1 0 0 0 0 0 0 0 0 0 0 0 0 0 0 0*0 0 0 0 0 0 0 0 0 0 0 0 0 0 0 1 0 0 0 0 0 0 0 0 0 0 0 0 0 0
X_7*0 0 0 0 0 0 0 0 0 0 0 0 1 0 0 0 0 0 0 0 0 0 0 0 0 0 0 0 0 0*0 0 0 0 0 0 0 0 0 0 0 0 0 1 0 0 0 0 0 0 0 0 0 0 0 0 0 0 0 0
X_9*0 0 0 0 0 0 0 0 0 0 0 0 0 0 0 0 1 0 0 0 0 0 0 0 0 0 0 0 0 0*0 0 0 0 0 0 0 0 0 0 0 0 0 0 0 0 0 1 0 0 0 0 0 0 0 0 0 0 0 0
X_12*0 0 0 0 0 0 0 0 0 0 0 0 0 0 0 0 0 0 0 0 0 0 0 1 0 0 0 0 0 0*0 0 0 0 0 0 0 0 0 0 0 0 0 0 0 0 0 0 0 0 0 0 0 0 1 0 0 0 0 0*0 0 0 0 0 0 0 0 0 0 0 0 0 0 0 0 0 0 0 0 0 0 0 0 0 1 0 0 0 0
X_13*0 0 0 0 0 0 0 0 0 0 0 0 0 0 0 0 0 0 0 0 0 0 0 0 0 0 1 0 0 0*0 0 0 0 0 0 0 0 0 0 0 0 0 0 0 0 0 0 0 0 0 0 0 0 0 0 0 1 0 0*0 0 0 0 0 0 0 0 0 0 0 0 0 0 0 0 0 0 0 0 0 0 0 0 0 0 0 0 1 0
START*0 0 0 0 0 0 0 0 0 0 0 0 0 0 0 0 0 0 0 0 0 0 0 0 0 0 0 0 0 0*0 0 0 0 0 0 0 0 0 0 0 0 0 0 0 0 0 0 0 0 0 0 0 0 0 0 0 0 0 1
X_1*1 0 0 0 0 0 0 0 0 0 0 0 0 0 0 0 0 0 0 0 0 0 0 0 0 0 0 0 0 0*0 1 0 0 0 0 0 0 0 0 0 0 0 0 0 0 0 0 0 0 0 0 0 0 0 0 0 0 0 0
X_2*0 0 1 0 0 0 0 0 0 0 0 0 0 0 0 0 0 0 0 0 0 0 0 0 0 0 0 0 0 0*0 0 0 1 0 0 0 0 0 0 0 0 0 0 0 0 0 0 0 0 0 0 0 0 0 0 0 0 0 0
X_3*0 0 0 0 1 0 0 0 0 0 0 0 0 0 0 0 0 0 0 0 0 0 0 0 0 0 0 0 0 0*0 0 0 0 0 1 0 0 0 0 0 0 0 0 0 0 0 0 0 0 0 0 0 0 0 0 0 0 0 0
X_4*0 0 0 0 0 0 1 0 0 0 0 0 0 0 0 0 0 0 0 0 0 0 0 0 0 0 0 0 0 0*0 0 0 0 0 0 0 1 0 0 0 0 0 0 0 0 0 0 0 0 0 0 0 0 0 0 0 0 0 0
X_5*0 0 0 0 0 0 0 0 1 0 0 0 0 0 0 0 0 0 0 0 0 0 0 0 0 0 0 0 0 0*0 0 0 0 0 0 0 0 0 1 0 0 0 0 0 0 0 0 0 0 0 0 0 0 0 0 0 0 0 0
X_6*0 0 0 0 0 0 0 0 0 0 1 0 0 0 0 0 0 0 0 0 0 0 0 0 0 0 0 0 0 0*0 0 0 0 0 0 0 0 0 0 0 1 0 0 0 0 0 0 0 0 0 0 0 0 0 0 0 0 0 0
X_10*0 0 0 0 0 0 0 0 0 0 0 0 0 0 0 0 0 0 1 0 0 0 0 0 0 0 0 0 0 0*0 0 0 0 0 0 0 0 0 0 0 0 0 0 0 0 0 0 0 1 0 0 0 0 0 0 0 0 0 0
X_11*0 0 0 0 0 0 0 0 0 0 0 0 0 0 0 0 0 0 0 0 1 0 0 0 0 0 0 0 0 0*0 0 0 0 0 0 0 0 0 0 0 0 0 0 0 0 0 0 0 0 0 1 0 0 0 0 0 0 0 0*0 0 0 0 0 0 0 0 0 0 0 0 0 0 0 0 0 0 0 0 0 0 1 0 0 0 0 0 0 0
