terminals
feeds*0 0 0 0 0 0 0 0 0 0 0.011757 0 0 0 0.991899 0 0 0 0 0 0 0 0.126482 0 0 0 0 0 0 0
cat*0.287212 0 0.332574 0 0 0 0.300633 0 0 0 0.577974 0.00294 0.245278 0.000006 0 0.463044 0 0 0.319477 0 0 0.076316 0 0 0 0 0 0 0 0
walks*0 0.880073 0 0 0 0 0 0 0 0 0 0 0 0 0 0.474838 0 0 0 0 0 0 0 0 0 0 0 0 0 0
girl*0.465003 0 0.477379 0 0 0 0 0 0 0 0 0.005482 0.412461 0 0.320901 0.523092 0 0 0.069422 0 0 0.06561 0 0 0 0 0 0 0 0
Mary*0.550484 0 0 0 0 0 0 0 0 0 0 0 0 0.000058 0 0.558331 0.552666 0 0 0 0 0.282479 0 0 0 0 0 0 0 0
chases*0 0 0 0 0 0 0 0 0 0 0 0 0 0 0.93895 0 0 0 0 0 0 0 0.344052 0 0 0 0 0 0 0
lives*0 0.793431 0 0 0 0 0 0 0 0 0 0 0 0 0 0.608661 0 0 0 0 0 0 0 0 0 0 0 0 0 0
John*0.584954 0 0 0 0 0 0.000001 0 0 0 0 0.037117 0 0 0 0.720207 0 0 0.238505 0 0 0.284373 0 0 0 0 0 0 0 0
dog*0.097381 0 0.284594 0 0 0 0.727504 0 0 0 0.000004 0.000484 0.332976 0 0.209041 0.307693 0 0 0.190175 0 0 0.307974 0 0 0 0 0 0 0 0
boy*0.395325 0 0.323394 0 0 0 0.232188 0 0 0 0 0.010644 0.327664 0 0.370862 0.601657 0 0 0.108793 0 0 0.257645 0 0 0 0 0 0 0 0
who*0 0 0 0 0 0 0 0 0 0 0 0 0 0 0.935937 0 0 0 0 0 0.352169 0 0 0 0 0 0 0 0 0
nonterminals
X_8*0 0.546743 0 0.258427 0 0 0 0.272054 0 0 0 0.150911 0 0.272979 0 0.5781 0 0.231347 0 0.274337 0 0 0 0 0 0 0 0 0 0
X_7*0.680306 0 0 0 0 0 0 0 0 0 0 0 0 0 0 0.000263 0 0 0 0 0 0 0 0 0 0 0 0 0 0.732928
X_9*0 0.000001 0 0 0 0.000001 0 0.000001 0 0.000001 0 0 0 0 0 0 0.000002 0.000002 0 0 0 0 0 0 0 0 0 0 0 1
X_12*0.1731 0.1731 0.1731 0.1731 0.1731 0.1731 0.1731 0.1731 0.1731 0.1731 0.1731 0.1731 0.1731 0.362021 0.1731 0.1731 0.1731 0.1731 0.1731 0.1731 0.1731 0.1731 0.1731 0.1731 0.1731 0.1731 0.1731 0.1731 0.1731 0.1731
X_13*0.13876 0.324877 0.13876 0.13876 0.13876 0.303766 0.13876 0.13876 0.13876 0.13876 0.13876 0.13876 0.13876 0.13876 0.13876 0.13876 0.13876 0.296131 0.13876 0.462466 0.13876 0.13876 0.13876 0.13876 0.13876 0.13876 0.13876 0.13876 0.13876 0.13876
START*0 0 0 0 0 0 0 0 0 0 0 0 0 0 0 0 0 0 0 0 0 0 0 0 0 0 0 0 0 0
X_1*0 0 0 0 0 0 0 0 0 0 0 0 0 0 0 0 0 0 0 0 0 0 0 0 0 0 0 0 0 1
X_2*0.629121 0 0 0 0 0 0 0 0 0 0 0 0 0 0 0 0 0 0 0 0 0 0 0 0 0 0 0 0 0.777307
X_3*0.018936 0.580376 0.018936 0.750539 0.018936 0.277424 0.018936 0.018936 0.018936 0.116485 0.018936 0.018936 0.018936 0.018936 0.018936 0.018936 0.018936 0.018936 0.018936 0.018936 0.018936 0.018936 0.018936 0.018936 0.018936 0.018936 0.018936 0.018936 0.018936 0.018936
X_4*0.473337 0 0 0 0 0 0 0 0 0 0 0 0 0 0 0 0 0 0 0 0 0 0 0 0 0 0 0 0 0.880881
X_5*0.039056 0.008307 0.008307 0.024088 0.008307 0.008307 0.008307 0.008307 0.116825 0.008307 0.008307 0.008307 0.008307 0.008307 0.008307 0.100482 0.021528 0.008307 0.008307 0.008307 0.008307 0.008307 0.008307 0.008307 0.008307 0.008307 0.008307 0.008307 0.008307 0.985916
X_6*0.182773 0.290941 0.000478 0.000196 0.000196 0.000438 0.000196 0.010588 0.000196 0.002319 0.000196 0.009602 0.000196 0.000196 0.000196 0.899931 0.000196 0.021665 0.000196 0.147261 0.000196 0.000196 0.000196 0.000196 0.000196 0.000196 0.000196 0.000196 0.000196 0.222946
X_10*0.37395 0 0 0 0 0 0 0 0 0 0 0 0 0 0 0 0 0 0 0 0 0 0 0 0 0 0 0 0 0.927449
X_11*0 0 0 0.432963 0 0 0 0.316838 0 0 0 0.401024 0 0.495274 0 0.553209 0 0 0 0 0 0 0 0 0 0 0 0 0 0
productions
X_8*0 0 0 0 0 0 0 0 0 0 0 0 0 0 1 0 0 0 0 0 0 0 0 0 0 0 0 0 0 0*0 0 0 0 0 0 0 0 0 0 0 0 0 0 0 1 0 0 0 0 0 0 0 0 0 0 0 0 0 0
X_7*0 0 0 0 0 0 0 0 0 0 0 0 1 0 0 0 0 0 0 0 0 0 0 0 0 0 0 0 0 0*0 0 0 0 0 0 0 0 0 0 0 0 0 1 0 0 0 0 0 0 0 0 0 0 0 0 0 0 0 0
X_9*0 0 0 0 0 0 0 0 0 0 0 0 0 0 0 0 1 0 0 0 0 0 0 0 0 0 0 0 0 0*0 0 0 0 0 0 0 0 0 0 0 0 0 0 0 0 0 1 0 0 0 0 0 0 0 0 0 0 0 0
X_12*0 0 0 0 0 0 0 0 0 0 0 0 0 0 0 0 0 0 0 0 0 0 0 1 0 0 0 0 0 0*0 0 0 0 0 0 0 0 0 0 0 0 0 0 0 0 0 0 0 0 0 0 0 0 1 0 0 0 0 0*0 0 0 0 0 0 0 0 0 0 0 0 0 0 0 0 0 0 0 0 0 0 0 0 0 1 0 0 0 0
X_13*0 0 0 0 0 0 0 0 0 0 0 0 0 0 0 0 0 0 0 0 0 0 0 0 0 0 1 0 0 0*0 0 0 0 0 0 0 0 0 0 0 0 0 0 0 0 0 0 0 0 0 0 0 0 0 0 0 1 0 0*0 0 0 0 0 0 0 0 0 0 0 0 0 0 0 0 0 0 0 0 0 0 0 0 0 0 0 0 1 0
START*0 0 0 0 0 0 0 0 0 0 0 0 0 0 0 0 0 0 0 0 0 0 0 0 0 0 0 0 0 0*0 0 0 0 0 0 0 0 0 0 0 0 0 0 0 0 0 0 0 0 0 0 0 0 0 0 0 0 0 1
X_1*1 0 0 0 0 0 0 0 0 0 0 0 0 0 0 0 0 0 0 0 0 0 0 0 0 0 0 0 0 0*0 1 0 0 0 0 0 0 0 0 0 0 0 0 0 0 0 0 0 0 0 0 0 0 0 0 0 0 0 0
X_2*0 0 1 0 0 0 0 0 0 0 0 0 0 0 0 0 0 0 0 0 0 0 0 0 0 0 0 0 0 0*0 0 0 1 0 0 0 0 0 0 0 0 0 0 0 0 0 0 0 0 0 0 0 0 0 0 0 0 0 0
X_3*0 0 0 0 1 0 0 0 0 0 0 0 0 0 0 0 0 0 0 0 0 0 0 0 0 0 0 0 0 0*0 0 0 0 0 1 0 0 0 0 0 0 0 0 0 0 0 0 0 0 0 0 0 0 0 0 0 0 0 0
X_4*0 0 0 0 0 0 1 0 0 0 0 0 0 0 0 0 0 0 0 0 0 0 0 0 0 0 0 0 0 0*0 0 0 0 0 0 0 1 0 0 0 0 0 0 0 0 0 0 0 0 0 0 0 0 0 0 0 0 0 0
X_5*0 0 0 0 0 0 0 0 1 0 0 0 0 0 0 0 0 0 0 0 0 0 0 0 0 0 0 0 0 0*0 0 0 0 0 0 0 0 0 1 0 0 0 0 0 0 0 0 0 0 0 0 0 0 0 0 0 0 0 0
X_6*0 0 0 0 0 0 0 0 0 0 1 0 0 0 0 0 0 0 0 0 0 0 0 0 0 0 0 0 0 0*0 0 0 0 0 0 0 0 0 0 0 1 0 0 0 0 0 0 0 0 0 0 0 0 0 0 0 0 0 0
X_10*0 0 0 0 0 0 0 0 0 0 0 0 0 0 0 0 0 0 1 0 0 0 0 0 0 0 0 0 0 0*0 0 0 0 0 0 0 0 0 0 0 0 0 0 0 0 0 0 0 1 0 0 0 0 0 0 0 0 0 0
X_11*0 0 0 0 0 0 0 0 0 0 0 0 0 0 0 0 0 0 0 0 1 0 0 0 0 0 0 0 0 0*0 0 0 0 0 0 0 0 0 0 0 0 0 0 0 0 0 0 0 0 0 1 0 0 0 0 0 0 0 0*0 0 0 0 0 0 0 0 0 0 0 0 0 0 0 0 0 0 0 0 0 0 1 0 0 0 0 0 0 0
