terminals
feeds*0 0 0 0 0 0 0 0 0 0 0 0.408332 0 0 0.912833 0 0 0 0 0 0 0 0 0 0 0 0 0 0 0 0 0 0 0 0 0
cat*0 0.372756 0 0 0.53675 0 0 0 0.428857 0 0.057909 0 0 0 0 0.621031 0 0 0 0 0 0 0 0 0 0 0 0 0 0 0 0 0 0 0 0
girl*0 0 0 0.312449 0.651754 0 0 0 0 0 0.168121 0 0 0 0 0.332386 0.527701 0 0 0 0 0 0 0 0 0 0 0 0 0 0.245705 0 0 0.002801 0 0
walks*0 0 0 0 0 0 0 0.75656 0 0 0 0 0 0.653924 0 0 0 0 0.000001 0 0 0 0 0 0 0 0 0 0 0 0 0 0 0 0 0
Mary*0 0.378594 0.641347 0 0 0 0 0 0 0 0.320458 0 0 0 0 0.515823 0.276721 0 0 0 0 0 0 0 0 0 0 0 0 0 0 0 0 0 0 0
chases*0.908937 0 0 0 0 0 0 0 0 0.226996 0 0 0 0 0.209488 0 0 0.280039 0 0 0 0 0 0 0 0 0 0 0 0 0 0 0 0 0 0
lives*0 0 0 0.047884 0 0.000003 0 0 0 0 0 0 0 0.753425 0 0 0 0 0 0.655788 0 0 0 0 0 0 0 0 0 0 0 0 0 0 0 0
John*0 0 0 0 0 0 0 0 0.863081 0 0.225726 0 0 0 0 0.451818 0 0 0 0 0 0 0 0 0 0 0 0 0 0 0 0 0 0 0 0
dog*0 0.407846 0 0 0 0 0.74167 0 0 0 0.119907 0 0 0 0 0.33706 0.394461 0 0 0 0 0 0 0 0 0 0 0 0 0 0 0 0 0 0 0
boy*0 0.455486 0.839079 0 0 0 0 0 0.011274 0 0.050232 0 0 0 0 0.292965 0 0 0 0 0 0 0 0 0 0 0 0 0 0 0 0 0 0 0 0
who*0 0 0 0 0 0 0 0 0 0 0 0 1 0 0 0 0 0 0 0 0 0 0 0 0 0 0 0 0 0 0 0 0 0 0 0
nonterminals
X_8*0 0 0 0.534186 0 0.202568 0.245392 0.408925 0 0.556647 0 0 0 0.369212 0 0 0 0 0 0 0 0 0 0 0 0 0 0 0 0 0 0 0 0 0 0
X_7*0 0 0 0.455848 0 0.488792 0.597506 0.425482 0 0 0 0 0 0 0 0 0 0 0 0 0 0 0 0 0 0 0 0 0 0 0 0.123435 0 0 0.000182 0
X_9*0.000001 0 0.336111 0 0.000003 0 0.000001 0 0.000001 0 0 0 0 0.939898 0.000007 0 0 0 0 0 0 0 0 0 0 0 0 0 0 0.058845 0 0 0.012596 0 0 0
X_12*0.166667 0.166667 0.166667 0.166667 0.166667 0.166667 0.166667 0.166667 0.166667 0.166667 0.166667 0.166667 0.166667 0.166667 0.166667 0.166667 0.166667 0.166667 0.166667 0.166667 0.166667 0.166667 0.166667 0.166667 0.166667 0.166667 0.166667 0.166667 0.166667 0.166667 0.166667 0.166667 0.166667 0.166667 0.166667 0.166667
X_13*0.166667 0.166667 0.166667 0.166667 0.166667 0.166667 0.166667 0.166667 0.166667 0.166667 0.166667 0.166667 0.166667 0.166667 0.166667 0.166667 0.166667 0.166667 0.166667 0.166667 0.166667 0.166667 0.166667 0.166667 0.166667 0.166667 0.166667 0.166667 0.166667 0.166667 0.166667 0.166667 0.166667 0.166667 0.166667 0.166667
START*0 0 0 0 0 0 0 0 0 0 0 0 0 0 0 0 0 0 0 0 0 0 0 0 0 0 0 0 0 0 0 0 0 0 0 0
X_14*0.166667 0.166667 0.166667 0.166667 0.166667 0.166667 0.166667 0.166667 0.166667 0.166667 0.166667 0.166667 0.166667 0.166667 0.166667 0.166667 0.166667 0.166667 0.166667 0.166667 0.166667 0.166667 0.166667 0.166667 0.166667 0.166667 0.166667 0.166667 0.166667 0.166667 0.166667 0.166667 0.166667 0.166667 0.166667 0.166667
X_1*0 0 0 0.5138 0 0 0.131498 0.299902 0 0.662101 0 0 0 0.406208 0 0 0 0.159354 0 0 0 0 0 0 0 0 0 0 0 0 0 0 0 0 0 0
X_15*0.166667 0.166667 0.166667 0.166667 0.166667 0.166667 0.166667 0.166667 0.166667 0.166667 0.166667 0.166667 0.166667 0.166667 0.166667 0.166667 0.166667 0.166667 0.166667 0.166667 0.166667 0.166667 0.166667 0.166667 0.166667 0.166667 0.166667 0.166667 0.166667 0.166667 0.166667 0.166667 0.166667 0.166667 0.166667 0.166667
X_2*0.000026 0.246596 0.454582 0.115137 0.000189 0.000084 0.019915 0.000048 0.000292 0.000026 0.092246 0.000171 0.000026 0.019181 0.000026 0.341858 0.13826 0.000026 0.757649 0.000026 0.000026 0.000026 0.000026 0.000026 0.000026 0.000026 0.000026 0.000026 0.000026 0.000026 0.000026 0.000026 0.000026 0.000026 0.000026 0.000026
X_3*0 0.018622 0.680831 0 0 0 0.268677 0 0.000006 0 0 0 0 0 0 0 0.084147 0 0.67591 0 0 0 0 0 0 0 0 0 0 0 0 0 0 0 0 0
X_4*0 0 0.39475 0.816198 0 0 0 0.00828 0 0 0.000008 0 0 0 0 0.000001 0.041641 0.414351 0.067109 0 0 0 0 0 0 0 0 0 0 0 0 0 0 0 0 0
X_5*0 0.087893 0.806215 0 0 0 0 0 0 0 0 0 0 0.577657 0 0 0 0 0 0 0 0 0 0 0 0 0 0 0 0.092757 0 0 0 0 0 0
X_6*0 0 0.002155 0 0 0 0 0 0 0 0 0 0 0.985312 0 0 0 0 0.000048 0 0 0 0 0 0 0 0 0 0 0.170751 0 0 0 0 0 0
X_10*0.000156 0.000156 0.000156 0.000156 0.000156 0.000156 0.000156 0.000934 0.000156 0.00753 0.000498 0.000472 0.000156 0.999968 0.000156 0.002216 0.00037 0.000156 0.000156 0.000365 0.000156 0.000156 0.000156 0.000156 0.000156 0.000156 0.000156 0.000156 0.000156 0.000156 0.000156 0.000156 0.000156 0.000156 0.000156 0.000156
X_11*0.16095 0.16095 0.16095 0.16095 0.16095 0.16095 0.16095 0.16095 0.16095 0.16095 0.16095 0.16095 0.16095 0.16095 0.16095 0.16095 0.16095 0.16095 0.16095 0.16095 0.16095 0.16095 0.16095 0.16095 0.16095 0.16095 0.16095 0.16095 0.305488 0.16095 0.16095 0.16095 0.16095 0.16095 0.16095 0.16095
productions
X_8*0 0 0 0 0 0 0 0 0 0 0 0 0 0 1 0 0 0 0 0 0 0 0 0 0 0 0 0 0 0 0 0 0 0 0 0*0 0 0 0 0 0 0 0 0 0 0 0 0 0 0 1 0 0 0 0 0 0 0 0 0 0 0 0 0 0 0 0 0 0 0 0
X_7*0 0 0 0 0 0 0 0 0 0 0 0 1 0 0 0 0 0 0 0 0 0 0 0 0 0 0 0 0 0 0 0 0 0 0 0*0 0 0 0 0 0 0 0 0 0 0 0 0 1 0 0 0 0 0 0 0 0 0 0 0 0 0 0 0 0 0 0 0 0 0 0
X_9*0 0 0 0 0 0 0 0 0 0 0 0 0 0 0 0 1 0 0 0 0 0 0 0 0 0 0 0 0 0 0 0 0 0 0 0*0 0 0 0 0 0 0 0 0 0 0 0 0 0 0 0 0 1 0 0 0 0 0 0 0 0 0 0 0 0 0 0 0 0 0 0
X_12*0 0 0 0 0 0 0 0 0 0 0 0 0 0 0 0 0 0 0 0 0 0 0 1 0 0 0 0 0 0 0 0 0 0 0 0*0 0 0 0 0 0 0 0 0 0 0 0 0 0 0 0 0 0 0 0 0 0 0 0 1 0 0 0 0 0 0 0 0 0 0 0*0 0 0 0 0 0 0 0 0 0 0 0 0 0 0 0 0 0 0 0 0 0 0 0 0 1 0 0 0 0 0 0 0 0 0 0
X_13*0 0 0 0 0 0 0 0 0 0 0 0 0 0 0 0 0 0 0 0 0 0 0 0 0 0 1 0 0 0 0 0 0 0 0 0*0 0 0 0 0 0 0 0 0 0 0 0 0 0 0 0 0 0 0 0 0 0 0 0 0 0 0 1 0 0 0 0 0 0 0 0*0 0 0 0 0 0 0 0 0 0 0 0 0 0 0 0 0 0 0 0 0 0 0 0 0 0 0 0 1 0 0 0 0 0 0 0
START*0 0 0 0 0 0 0 0 0 0 0 0 0 0 0 0 0 0 0 0 0 0 0 0 0 0 0 0 0 0 0 0 0 0 0 0*0 0 0 0 0 0 0 0 0 0 0 0 0 0 0 0 0 0 0 0 0 0 0 0 0 0 0 0 0 0 0 0 0 0 0 1
X_14*0 0 0 0 0 0 0 0 0 0 0 0 0 0 0 0 0 0 0 0 0 0 0 0 0 0 0 0 0 1 0 0 0 0 0 0*0 0 0 0 0 0 0 0 0 0 0 0 0 0 0 0 0 0 0 0 0 0 0 0 0 0 0 0 0 0 1 0 0 0 0 0*0 0 0 0 0 0 0 0 0 0 0 0 0 0 0 0 0 0 0 0 0 0 0 0 0 0 0 0 0 0 0 1 0 0 0 0
X_1*1 0 0 0 0 0 0 0 0 0 0 0 0 0 0 0 0 0 0 0 0 0 0 0 0 0 0 0 0 0 0 0 0 0 0 0*0 1 0 0 0 0 0 0 0 0 0 0 0 0 0 0 0 0 0 0 0 0 0 0 0 0 0 0 0 0 0 0 0 0 0 0
X_15*0 0 0 0 0 0 0 0 0 0 0 0 0 0 0 0 0 0 0 0 0 0 0 0 0 0 0 0 0 0 0 0 1 0 0 0*0 0 0 0 0 0 0 0 0 0 0 0 0 0 0 0 0 0 0 0 0 0 0 0 0 0 0 0 0 0 0 0 0 1 0 0*0 0 0 0 0 0 0 0 0 0 0 0 0 0 0 0 0 0 0 0 0 0 0 0 0 0 0 0 0 0 0 0 0 0 1 0
X_2*0 0 1 0 0 0 0 0 0 0 0 0 0 0 0 0 0 0 0 0 0 0 0 0 0 0 0 0 0 0 0 0 0 0 0 0*0 0 0 1 0 0 0 0 0 0 0 0 0 0 0 0 0 0 0 0 0 0 0 0 0 0 0 0 0 0 0 0 0 0 0 0
X_3*0 0 0 0 1 0 0 0 0 0 0 0 0 0 0 0 0 0 0 0 0 0 0 0 0 0 0 0 0 0 0 0 0 0 0 0*0 0 0 0 0 1 0 0 0 0 0 0 0 0 0 0 0 0 0 0 0 0 0 0 0 0 0 0 0 0 0 0 0 0 0 0
X_4*0 0 0 0 0 0 1 0 0 0 0 0 0 0 0 0 0 0 0 0 0 0 0 0 0 0 0 0 0 0 0 0 0 0 0 0*0 0 0 0 0 0 0 1 0 0 0 0 0 0 0 0 0 0 0 0 0 0 0 0 0 0 0 0 0 0 0 0 0 0 0 0
X_5*0 0 0 0 0 0 0 0 1 0 0 0 0 0 0 0 0 0 0 0 0 0 0 0 0 0 0 0 0 0 0 0 0 0 0 0*0 0 0 0 0 0 0 0 0 1 0 0 0 0 0 0 0 0 0 0 0 0 0 0 0 0 0 0 0 0 0 0 0 0 0 0
X_6*0 0 0 0 0 0 0 0 0 0 1 0 0 0 0 0 0 0 0 0 0 0 0 0 0 0 0 0 0 0 0 0 0 0 0 0*0 0 0 0 0 0 0 0 0 0 0 1 0 0 0 0 0 0 0 0 0 0 0 0 0 0 0 0 0 0 0 0 0 0 0 0
X_10*0 0 0 0 0 0 0 0 0 0 0 0 0 0 0 0 0 0 1 0 0 0 0 0 0 0 0 0 0 0 0 0 0 0 0 0*0 0 0 0 0 0 0 0 0 0 0 0 0 0 0 0 0 0 0 1 0 0 0 0 0 0 0 0 0 0 0 0 0 0 0 0
X_11*0 0 0 0 0 0 0 0 0 0 0 0 0 0 0 0 0 0 0 0 1 0 0 0 0 0 0 0 0 0 0 0 0 0 0 0*0 0 0 0 0 0 0 0 0 0 0 0 0 0 0 0 0 0 0 0 0 1 0 0 0 0 0 0 0 0 0 0 0 0 0 0*0 0 0 0 0 0 0 0 0 0 0 0 0 0 0 0 0 0 0 0 0 0 1 0 0 0 0 0 0 0 0 0 0 0 0 0
