terminals
feeds*0 0 0 0 0 0 0 0 0 0 0 0 0 0 0 0 0.655261 0 0 0.755402 0 0 0 0 0 0 0 0 0 0 0 0 0 0 0
cat*0 0 0 0 0 0 0 0 0 0 0 0 0 0 0 0 0 0.673991 0.73874 0 0 0 0 0 0 0 0 0 0 0 0 0 0 0 0
girl*0 0 0 0 0 0 0 0 0 0 0 0 0 0 0 0 0 0.611927 0.790914 0 0 0 0 0 0 0 0 0 0 0 0 0 0 0 0
walks*0 0 0 0 0 0.000016 0 0 0 0.675437 0 0 0 0 0 0 0 0.737417 0 0 0 0 0 0 0 0 0 0 0 0 0 0 0 0 0
Mary*0 0 0 0 0 0 0 0 0 0 0 0 0 0 0 0 0 0.958517 0.285034 0 0 0 0 0 0 0 0 0 0 0 0 0 0 0 0
chases*0 0 0 0 0 0 0 0 0 0 0 0 0 0 0 0 0.403389 0 0 0.915028 0 0 0 0 0 0 0 0 0 0 0 0 0 0 0
lives*0 0 0 0 0 0 0 0 0 0 0 0 0 0 0 0 0 1 0 0.000003 0 0 0 0 0 0 0 0 0 0 0 0 0 0 0
John*0 0 0 0 0 0 0 0 0 0.005884 0 0 0 0 0 0 0 0.931735 0.363092 0 0 0 0 0 0 0 0 0 0 0 0 0 0 0 0
dog*0 0 0 0 0 0 0 0 0 0 0 0 0 0 0 0 0 0.686518 0.727112 0 0 0 0 0 0 0 0 0 0 0 0 0 0 0 0
boy*0 0 0 0 0 0 0 0 0 0 0 0 0 0 0 0 0 0.71583 0.698275 0 0 0 0 0 0 0 0 0 0 0 0 0 0 0 0
who*0 0 0 0 0 0 0 0 0 0 0 0 0 0 0 0 0 0 0 1 0 0 0 0 0 0 0 0 0 0 0 0 0 0 0
nonterminals
X_8*0.273334 0.121341 0.167103 0.235286 0.14587 0.254997 0.292887 0.003933 0.052553 0.144395 0.282806 0.256924 0.190752 0.169696 0.109044 0.075976 0.047054 0.129787 0.000176 0.014356 0.107746 0.047293 0.139581 0.262265 0.052582 0.185133 0.270189 0.178545 0.270791 0.058654 0.099333 0.222562 0.007839 0.041375 0.038697
X_7*0.071968 0.232237 0.271756 0.237765 0.065772 0.106118 0.113593 0.121933 0.019609 0.232081 0.094117 0.254387 0.029795 0.041831 0.175883 0.188298 0.097669 0.227909 0.076474 0.192754 0.030493 0.03825 0.288595 0.14501 0.092974 0.077293 0.29698 0.291306 0.126378 0.133831 0.258859 0.017687 0.230639 0.007955 0.130276
X_9*0 0 0 0 0 0 0 0 0 0 0 0 0 0 0 0 0 0.595882 0.803072 0 0 0 0 0 0 0 0 0 0 0 0 0 0 0 0
X_12*0.188338 0.061564 0.183856 0.193862 0.234964 0.231872 0.259455 0.141634 0.033242 0.183561 0.066478 0.109867 0.003832 0.103042 0.029293 0.102372 0.247384 0.187242 0.060584 0.209614 0.260099 0.148862 0.214075 0.171441 0.130795 0.053705 0.228019 0.218279 0.189163 0.03142 0.193679 0.206199 0.102861 0.120147 0.222262
X_13*0.197398 0.168834 0.120619 0.156459 0.160048 0.150716 0.237712 0.029955 0.305637 0.099959 0.048922 0.043004 0.192226 0.094146 0.00034 0.313938 0.034707 0.163853 0.089671 0.147127 0.245945 0.078376 0.009227 0.322679 0.130438 0.30325 0.003921 0.101247 0.104156 0.019669 0.170202 0.231732 0.118747 0.230054 0.164307
X_14*0.213764 0.265361 0.148031 0.050593 0.052194 0.066575 0.017021 0.006462 0.218288 0.215066 0.195644 0.042035 0.068488 0.234914 0.095834 0.163357 0.15175 0.141362 0.223239 0.21832 0.173434 0.194381 0.191754 0.036992 0.242132 0.141097 0.203043 0.243738 0.124402 0.155593 0.065669 0.16383 0.252007 0.155616 0.194916
X_1*0.074118 0.223614 0.234907 0.328172 0.147634 0.126617 0.306285 0.053396 0.136018 0.093215 0.000456 0.021865 0.160205 0.216356 0.07357 0.073908 0.137521 0.275898 0.027233 0.057005 0.324624 0.14071 0.075458 0.172787 0.013686 0.208677 0.203458 0.068947 0.127708 0.120728 0.028572 0.112561 0.264519 0.110057 0.245007
X_15*0.265396 0.240492 0.071036 0.247346 0.046544 0.157593 0.083822 0.155189 0.073748 0.193322 0.191472 0.217692 0.008762 0.074763 0.113819 0.244634 0.244058 0.037603 0.110187 0.270651 0.005889 0.105208 0.177343 0.163627 0.030775 0.104918 0.25241 0.109485 0.261493 0.060156 0.209504 0.260919 0.165994 0.16055 0.037545
X_2*0.055407 0.127314 0.166446 0.255231 0.045711 0.196155 0.033859 0.019942 0.201773 0.082008 0.063512 0.126005 0.106595 0.129889 0.147567 0.129897 0.219113 0.266511 0.111284 0.169468 0.168097 0.222756 0.222581 0.134634 0.082028 0.168413 0.202094 0.24657 0.127675 0.192339 0.253308 0.199755 0.181726 0.228625 0.162659
X_3*0.029632 0.31079 0.278994 0.235924 0.163973 0.079247 0.245745 0.138945 0.16719 0.185911 0.103781 0.22414 0.139789 0.15627 0.015211 0.096004 0.329006 0.048574 0.211288 0.230047 0.00867 0.009707 0.024243 0.094402 0.096286 0.237847 0.121804 0.002863 0.109325 0.133621 0.159465 0.122144 0.185547 0.274249 0.030276
X_4*0.26404 0.260791 0.150157 0.030327 0.232838 0.271946 0.174325 0.137696 0.214914 0.136258 0.204041 0.111587 0.199881 0.024591 0.076275 0.211339 0.158165 0.244287 0.172072 0.014938 0.082483 0.207415 0.064047 0.142052 0.216568 0.045438 0.015526 0.25184 0.26457 0.129395 0.013838 0.009709 0.034642 0.223196 0.11003
X_5*0.000095 0.000033 0.000029 0.000087 0.003846 0.00005 0.000114 0.000051 0.000103 0.00014 0.000068 0.000161 0.000009 0.000099 0.000162 0.000164 0.005814 0.000065 0.984718 0.174015 0.000142 0.000054 0.000159 0.00011 0.000013 0.000012 0.000121 0.000057 0.000062 0.000108 0.000073 0.000141 0.000013 0.000079 0.000135
X_6*0.128634 0.098886 0.057076 0.260752 0.065478 0.251589 0.069621 0.113345 0.031358 0.094493 0.224155 0.056777 0.196468 0.110208 0.113965 0.198396 0.074834 0.209865 0.240325 0.187014 0.151407 0.059785 0.211242 0.219554 0.224574 0.02315 0.123928 0.214318 0.280383 0.249608 0.203162 0.149703 0.25725 0.042888 0.063958
TOP*0 0 0 0 0 0 0 0 0 0 0 0 0 0 0 0 0 0 0 0 0 0 0 0 0 0 0 0 0 0 0 0 0 0 0
X_10*0 0 0 0 0 0 0 0 0.000232 0 0 0 0 0 0 0 1 0 0 0 0 0 0 0 0 0 0 0 0 0 0 0 0 0 0
X_11*0.129035 0.123642 0.152304 0.127902 0.25981 0.246795 0.003964 0.086812 0.12564 0.027888 0.163319 0.015118 0.227437 0.017969 0.055089 0.216515 0.071417 0.015394 0.007581 0.20634 0.266644 0.15471 0.162491 0.321061 0.027582 0.03309 0.315706 0.21346 0.226902 0.126245 0.297955 0.103795 0.082007 0.075125 0.219537
productions
X_8*0 0 0 0 0 0 0 0 0 0 0 0 0 0 1 0 0 0 0 0 0 0 0 0 0 0 0 0 0 0 0 0 0 0 0*0 0 0 0 0 0 0 0 0 0 0 0 0 0 0 1 0 0 0 0 0 0 0 0 0 0 0 0 0 0 0 0 0 0 0
X_7*0 0 0 0 0 0 0 0 0 0 0 0 1 0 0 0 0 0 0 0 0 0 0 0 0 0 0 0 0 0 0 0 0 0 0*0 0 0 0 0 0 0 0 0 0 0 0 0 1 0 0 0 0 0 0 0 0 0 0 0 0 0 0 0 0 0 0 0 0 0
X_9*0 0 0 0 0 0 0 0 0 0 0 0 0 0 0 0 1 0 0 0 0 0 0 0 0 0 0 0 0 0 0 0 0 0 0*0 0 0 0 0 0 0 0 0 0 0 0 0 0 0 0 0 1 0 0 0 0 0 0 0 0 0 0 0 0 0 0 0 0 0
X_12*0 0 0 0 0 0 0 0 0 0 0 0 0 0 0 0 0 0 0 0 0 0 0 1 0 0 0 0 0 0 0 0 0 0 0*0 0 0 0 0 0 0 0 0 0 0 0 0 0 0 0 0 0 0 0 0 0 0 0 1 0 0 0 0 0 0 0 0 0 0*0 0 0 0 0 0 0 0 0 0 0 0 0 0 0 0 0 0 0 0 0 0 0 0 0 1 0 0 0 0 0 0 0 0 0
X_13*0 0 0 0 0 0 0 0 0 0 0 0 0 0 0 0 0 0 0 0 0 0 0 0 0 0 1 0 0 0 0 0 0 0 0*0 0 0 0 0 0 0 0 0 0 0 0 0 0 0 0 0 0 0 0 0 0 0 0 0 0 0 1 0 0 0 0 0 0 0*0 0 0 0 0 0 0 0 0 0 0 0 0 0 0 0 0 0 0 0 0 0 0 0 0 0 0 0 1 0 0 0 0 0 0
X_14*0 0 0 0 0 0 0 0 0 0 0 0 0 0 0 0 0 0 0 0 0 0 0 0 0 0 0 0 0 1 0 0 0 0 0*0 0 0 0 0 0 0 0 0 0 0 0 0 0 0 0 0 0 0 0 0 0 0 0 0 0 0 0 0 0 1 0 0 0 0*0 0 0 0 0 0 0 0 0 0 0 0 0 0 0 0 0 0 0 0 0 0 0 0 0 0 0 0 0 0 0 1 0 0 0
X_1*1 0 0 0 0 0 0 0 0 0 0 0 0 0 0 0 0 0 0 0 0 0 0 0 0 0 0 0 0 0 0 0 0 0 0*0 1 0 0 0 0 0 0 0 0 0 0 0 0 0 0 0 0 0 0 0 0 0 0 0 0 0 0 0 0 0 0 0 0 0
X_15*0 0 0 0 0 0 0 0 0 0 0 0 0 0 0 0 0 0 0 0 0 0 0 0 0 0 0 0 0 0 0 0 1 0 0*0 0 0 0 0 0 0 0 0 0 0 0 0 0 0 0 0 0 0 0 0 0 0 0 0 0 0 0 0 0 0 0 0 1 0*0 0 0 0 0 0 0 0 0 0 0 0 0 0 0 0 0 0 0 0 0 0 0 0 0 0 0 0 0 0 0 0 0 0 1
X_2*0 0 1 0 0 0 0 0 0 0 0 0 0 0 0 0 0 0 0 0 0 0 0 0 0 0 0 0 0 0 0 0 0 0 0*0 0 0 1 0 0 0 0 0 0 0 0 0 0 0 0 0 0 0 0 0 0 0 0 0 0 0 0 0 0 0 0 0 0 0
X_3*0 0 0 0 1 0 0 0 0 0 0 0 0 0 0 0 0 0 0 0 0 0 0 0 0 0 0 0 0 0 0 0 0 0 0*0 0 0 0 0 1 0 0 0 0 0 0 0 0 0 0 0 0 0 0 0 0 0 0 0 0 0 0 0 0 0 0 0 0 0
X_4*0 0 0 0 0 0 1 0 0 0 0 0 0 0 0 0 0 0 0 0 0 0 0 0 0 0 0 0 0 0 0 0 0 0 0*0 0 0 0 0 0 0 1 0 0 0 0 0 0 0 0 0 0 0 0 0 0 0 0 0 0 0 0 0 0 0 0 0 0 0
X_5*0 0 0 0 0 0 0 0 1 0 0 0 0 0 0 0 0 0 0 0 0 0 0 0 0 0 0 0 0 0 0 0 0 0 0*0 0 0 0 0 0 0 0 0 1 0 0 0 0 0 0 0 0 0 0 0 0 0 0 0 0 0 0 0 0 0 0 0 0 0
X_6*0 0 0 0 0 0 0 0 0 0 1 0 0 0 0 0 0 0 0 0 0 0 0 0 0 0 0 0 0 0 0 0 0 0 0*0 0 0 0 0 0 0 0 0 0 0 1 0 0 0 0 0 0 0 0 0 0 0 0 0 0 0 0 0 0 0 0 0 0 0
TOP*0 0 0 0 0 0 0 0 0 0 0 0 0 0 0 0 0 0 0 0 0 0 0 0 0 0 0 0 0 0 0 0 0 0 0
X_10*0 0 0 0 0 0 0 0 0 0 0 0 0 0 0 0 0 0 1 0 0 0 0 0 0 0 0 0 0 0 0 0 0 0 0*0 0 0 0 0 0 0 0 0 0 0 0 0 0 0 0 0 0 0 1 0 0 0 0 0 0 0 0 0 0 0 0 0 0 0
X_11*0 0 0 0 0 0 0 0 0 0 0 0 0 0 0 0 0 0 0 0 1 0 0 0 0 0 0 0 0 0 0 0 0 0 0*0 0 0 0 0 0 0 0 0 0 0 0 0 0 0 0 0 0 0 0 0 1 0 0 0 0 0 0 0 0 0 0 0 0 0*0 0 0 0 0 0 0 0 0 0 0 0 0 0 0 0 0 0 0 0 0 0 1 0 0 0 0 0 0 0 0 0 0 0 0
