terminals
feeds*0 0 0.298 0 0 0 0 0 0 0 0.45 0 0 0 0 0 0 0 0.606 0 0 0 0.246 0 0 0 0 0 0.14 0 0 0 0 0 0.512
cat*0 0 0.951 0.084 0 0 0 0 0 0 0.037 0.042 0 0 0 0 0 0 0.007 0.12 0 0.162 0 0 0 0 0 0.093 0 0 0 0 0 0.192 0
chases*0 0 0.331 0 0 0 0 0 0 0 0.325 0 0 0 0 0 0 0 0.691 0 0 0 0.253 0 0 0 0 0 0.172 0 0 0 0 0 0.463
Mary*0 0 0.468 0.117 0 0 0 0 0 0 0 0.408 0 0 0 0 0 0 0 0.347 0 0.335 0 0 0 0 0 0.122 0 0 0 0 0 0.594 0
John*0 0 0.505 0.148 0 0 0 0 0 0 0 0.328 0 0 0 0 0 0 0 0.503 0 0.329 0 0 0 0 0 0.233 0 0 0 0 0 0.447 0
who*0 0 0.425 0 0 0 0 0 0 0 0.081 0 0 0 0 0 0 0 0.207 0 0.393 0 0 0 0 0 0.237 0 0 0 0 0 0.748 0 0
girl*0 0 0.981 0.002 0 0 0 0 0 0 0.009 0.031 0 0 0 0 0 0 0.014 0.081 0 0.067 0 0 0 0 0 0.07 0 0 0 0 0 0.145 0
walks*0 0 0 0.914 0 0 0 0 0 0 0 0.188 0 0 0 0 0 0 0 0.36 0 0 0 0 0 0 0 0 0 0 0 0 0 0 0
lives*0 0 0 0.848 0 0 0 0 0 0 0 0.132 0 0 0 0 0 0 0 0.513 0 0 0 0 0 0 0 0 0 0 0 0 0 0 0
dog*0 0 0.985 0.077 0 0 0 0 0 0 0.013 0.038 0 0 0 0 0 0 0.004 0.078 0 0.026 0 0 0 0 0 0.072 0 0 0 0 0 0.098 0
boy*0 0 0.968 0.135 0 0 0 0 0 0 0.014 0.043 0 0 0 0 0 0 0.094 0.064 0 0.035 0 0 0 0 0 0.057 0 0 0 0 0 0.161 0
nonterminals
X_8*0 0 0.48 0.015 0 0 0 0 0 0 0.696 0.019 0 0 0 0 0 0 0.412 0.007 0.017 0 0.026 0 0 0 0.114 0.012 0.255 0 0 0 0.09 0.014 0.167
X_7*0 0 0.585 0.151 0 0 0 0 0 0 0.003 0.619 0 0 0 0 0 0 0.051 0.315 0 0.023 0 0 0 0 0 0.266 0 0 0 0 0.001 0.282 0.002
X_9*0 0 0.44 0.094 0 0 0 0 0 0 0.255 0.001 0 0 0 0 0 0 0.577 0 0.183 0 0 0 0 0 0.519 0.001 0.003 0 0 0 0.312 0 0.002
X_1*0 0 0.943 0.049 0 0 0 0 0 0 0.035 0.175 0 0 0 0 0 0 0.036 0.228 0 0.102 0 0 0 0 0.008 0.097 0.003 0 0 0 0.004 0.054 0.002
X_2*0 0 0.53 0.611 0 0 0 0 0 0 0 0.34 0 0 0 0 0 0 0 0.48 0 0 0 0 0 0 0 0 0 0 0 0 0 0 0
X_3*0 0 0.143 0.001 0 0 0 0 0 0 0.687 0.001 0 0 0 0 0 0 0.606 0 0 0 0.089 0 0 0 0.004 0 0.33 0 0 0 0.004 0.001 0.153
X_4*0 0 0.617 0.75 0 0 0 0 0 0 0 0.232 0 0 0 0 0 0 0 0.054 0 0 0 0 0 0 0 0.002 0 0 0 0 0 0.012 0
X_5*0 0 0.772 0.081 0 0 0 0 0 0 0.405 0.062 0 0 0 0 0 0 0.336 0.023 0.036 0 0.004 0 0 0 0.245 0.053 0.13 0 0 0 0.156 0.04 0.088
X_6*0 0 0 0.999 0 0 0 0 0 0 0 0 0 0 0 0 0 0 0 0.034 0 0 0 0 0 0 0 0 0 0 0 0 0 0 0
X_12*0 0 0.842 0.468 0 0 0 0 0 0 0 0.238 0 0 0 0 0 0 0 0.124 0 0.001 0 0 0 0 0 0.004 0 0 0 0 0 0.003 0
X_13*0 0 0 1 0 0 0 0 0 0 0 0.023 0 0 0 0 0 0 0 0 0 0 0 0 0 0 0 0 0 0 0 0 0 0 0
X_14*0 0 0.751 0.6 0 0 0 0 0 0 0 0.273 0 0 0 0 0 0 0 0.036 0 0 0 0 0 0 0 0.002 0 0 0 0 0 0.011 0
X_15*0 0 0 0.999 0 0 0 0 0 0 0 0.032 0 0 0 0 0 0 0 0.02 0 0 0 0 0 0 0 0 0 0 0 0 0 0 0
X_10*0 0 0 0.999 0 0 0 0 0 0 0 0 0 0 0 0 0 0 0 0.039 0 0 0 0 0 0 0 0 0 0 0 0 0 0 0
X_11*0 0 0 0.999 0 0 0 0 0 0 0 0.032 0 0 0 0 0 0 0 0.014 0 0 0 0 0 0 0 0 0 0 0 0 0 0 0
productions
X_1*1 0 0 0 0 0 0 0 0 0 0 0 0 0 0 0 0 0 0 0 0 0 0 0 0 0 0 0 0 0 0 0 0 0 0*0 1 0 0 0 0 0 0 0 0 0 0 0 0 0 0 0 0 0 0 0 0 0 0 0 0 0 0 0 0 0 0 0 0 0
X_2*0 0 1 0 0 0 0 0 0 0 0 0 0 0 0 0 0 0 0 0 0 0 0 0 0 0 0 0 0 0 0 0 0 0 0*0 0 0 1 0 0 0 0 0 0 0 0 0 0 0 0 0 0 0 0 0 0 0 0 0 0 0 0 0 0 0 0 0 0 0
X_3*0 0 0 0 1 0 0 0 0 0 0 0 0 0 0 0 0 0 0 0 0 0 0 0 0 0 0 0 0 0 0 0 0 0 0*0 0 0 0 0 1 0 0 0 0 0 0 0 0 0 0 0 0 0 0 0 0 0 0 0 0 0 0 0 0 0 0 0 0 0
X_4*0 0 0 0 0 0 1 0 0 0 0 0 0 0 0 0 0 0 0 0 0 0 0 0 0 0 0 0 0 0 0 0 0 0 0*0 0 0 0 0 0 0 1 0 0 0 0 0 0 0 0 0 0 0 0 0 0 0 0 0 0 0 0 0 0 0 0 0 0 0
X_5*0 0 0 0 0 0 0 0 1 0 0 0 0 0 0 0 0 0 0 0 0 0 0 0 0 0 0 0 0 0 0 0 0 0 0*0 0 0 0 0 0 0 0 0 1 0 0 0 0 0 0 0 0 0 0 0 0 0 0 0 0 0 0 0 0 0 0 0 0 0
X_6*0 0 0 0 0 0 0 0 0 0 1 0 0 0 0 0 0 0 0 0 0 0 0 0 0 0 0 0 0 0 0 0 0 0 0*0 0 0 0 0 0 0 0 0 0 0 1 0 0 0 0 0 0 0 0 0 0 0 0 0 0 0 0 0 0 0 0 0 0 0
X_8*0 0 0 0 0 0 0 0 0 0 0 0 0 0 1 0 0 0 0 0 0 0 0 0 0 0 0 0 0 0 0 0 0 0 0*0 0 0 0 0 0 0 0 0 0 0 0 0 0 0 1 0 0 0 0 0 0 0 0 0 0 0 0 0 0 0 0 0 0 0
X_7*0 0 0 0 0 0 0 0 0 0 0 0 1 0 0 0 0 0 0 0 0 0 0 0 0 0 0 0 0 0 0 0 0 0 0*0 0 0 0 0 0 0 0 0 0 0 0 0 1 0 0 0 0 0 0 0 0 0 0 0 0 0 0 0 0 0 0 0 0 0
X_9*0 0 0 0 0 0 0 0 0 0 0 0 0 0 0 0 1 0 0 0 0 0 0 0 0 0 0 0 0 0 0 0 0 0 0*0 0 0 0 0 0 0 0 0 0 0 0 0 0 0 0 0 1 0 0 0 0 0 0 0 0 0 0 0 0 0 0 0 0 0
X_10*0 0 0 0 0 0 0 0 0 0 0 0 0 0 0 0 0 0 1 0 0 0 0 0 0 0 0 0 0 0 0 0 0 0 0*0 0 0 0 0 0 0 0 0 0 0 0 0 0 0 0 0 0 0 1 0 0 0 0 0 0 0 0 0 0 0 0 0 0 0
X_12*0 0 0 0 0 0 0 0 0 0 0 0 0 0 0 0 0 0 0 0 0 0 0 1 0 0 0 0 0 0 0 0 0 0 0*0 0 0 0 0 0 0 0 0 0 0 0 0 0 0 0 0 0 0 0 0 0 0 0 1 0 0 0 0 0 0 0 0 0 0*0 0 0 0 0 0 0 0 0 0 0 0 0 0 0 0 0 0 0 0 0 0 0 0 0 1 0 0 0 0 0 0 0 0 0
X_13*0 0 0 0 0 0 0 0 0 0 0 0 0 0 0 0 0 0 0 0 0 0 0 0 0 0 1 0 0 0 0 0 0 0 0*0 0 0 0 0 0 0 0 0 0 0 0 0 0 0 0 0 0 0 0 0 0 0 0 0 0 0 1 0 0 0 0 0 0 0*0 0 0 0 0 0 0 0 0 0 0 0 0 0 0 0 0 0 0 0 0 0 0 0 0 0 0 0 1 0 0 0 0 0 0
X_14*0 0 0 0 0 0 0 0 0 0 0 0 0 0 0 0 0 0 0 0 0 0 0 0 0 0 0 0 0 1 0 0 0 0 0*0 0 0 0 0 0 0 0 0 0 0 0 0 0 0 0 0 0 0 0 0 0 0 0 0 0 0 0 0 0 1 0 0 0 0*0 0 0 0 0 0 0 0 0 0 0 0 0 0 0 0 0 0 0 0 0 0 0 0 0 0 0 0 0 0 0 1 0 0 0
X_15*0 0 0 0 0 0 0 0 0 0 0 0 0 0 0 0 0 0 0 0 0 0 0 0 0 0 0 0 0 0 0 0 1 0 0*0 0 0 0 0 0 0 0 0 0 0 0 0 0 0 0 0 0 0 0 0 0 0 0 0 0 0 0 0 0 0 0 0 1 0*0 0 0 0 0 0 0 0 0 0 0 0 0 0 0 0 0 0 0 0 0 0 0 0 0 0 0 0 0 0 0 0 0 0 1
X_11*0 0 0 0 0 0 0 0 0 0 0 0 0 0 0 0 0 0 0 0 1 0 0 0 0 0 0 0 0 0 0 0 0 0 0*0 0 0 0 0 0 0 0 0 0 0 0 0 0 0 0 0 0 0 0 0 1 0 0 0 0 0 0 0 0 0 0 0 0 0*0 0 0 0 0 0 0 0 0 0 0 0 0 0 0 0 0 0 0 0 0 0 1 0 0 0 0 0 0 0 0 0 0 0 0
