terminals
feeds*0 0 0.604617 0 0 0 0 0 0 0 0.750405 0 0 0 0 0 0 0 0 0 0 0 0.267077 0 0 0 0 0 0 0
cat*0 0 0 0.332108 0 0 0.000001 0 0.234603 0 0 0 0.897682 0 0.069724 0 0 0 0 0 0 0.154827 0 0 0 0 0 0 0 0
girl*0 0 0 0.454528 0.576111 0 0.000001 0 0.302726 0 0 0 0 0 0.066604 0 0.57637 0 0 0 0 0.182263 0 0 0 0 0 0 0 0
walks*0 0 0 0 0 0 0 0 0 0 0 0 0 0 0 0.459524 0 0 0 0.888166 0 0 0 0 0 0 0 0 0 0
chases*0 0 0.724766 0 0 0 0 0 0 0 0 0 0 0 0 0 0.520803 0 0 0 0 0 0.451087 0 0 0 0 0 0 0
Mary*0 0 0 0.768188 0 0 0 0 0.542745 0 0 0 0 0 0.251533 0 0 0 0 0 0 0.228137 0 0 0 0 0 0 0 0
lives*0 0 0 0 0 0 0 0 0 0.355173 0 0 0 0 0 0 0 0 0 0.9348 0 0 0 0 0 0 0 0 0 0
John*0 0 0 0 0 0 0 0 0 0 0 0.642421 0 0 0.669783 0 0 0.195939 0.274709 0 0 0.157573 0 0 0 0 0 0 0 0
dog*0 0 0 0 0 0 0.939135 0 0 0 0 0.149865 0 0 0 0 0 0.221651 0.155186 0 0 0.14951 0 0 0 0 0 0 0 0
boy*0.906549 0 0 0.323281 0 0 0 0 0 0 0 0 0 0 0 0 0 0 0.202304 0 0 0.180919 0 0 0 0 0 0 0 0
who*0 0 0 0 0 0 0 0 0 0 0 0 0 0 0 0 0 0 0.945108 0 0.326758 0 0 0 0 0 0 0 0 0
nonterminals
X_8*0 0 0 0 0 0 0 0 0 0 0 0 0 0 0 0 0.074891 0 0 0 0 0 0 0 0 0 0 0 0 0.997192
X_7*0 0 0 0.006607 0 0 0 0 0.431426 0 0 0.082846 0 0 0.166863 0 0 0.159343 0.314107 0 0 0.072659 0 0 0 0 0 0 0 0.806095
X_9*0.000001 0.142517 0.000001 0.032601 0.000001 0.066965 0.000001 0.095874 0.170709 0.42136 0.000001 0.085419 0.000001 0.000068 0.000001 0.244666 0.000001 0.224791 0.4142 0.386439 0.000001 0.000001 0.000001 0.000001 0.000001 0.000001 0.000001 0.000001 0.000001 0.565401
X_12*0.173162 0.173162 0.173162 0.173162 0.173162 0.361155 0.173162 0.173162 0.173162 0.173162 0.173162 0.173162 0.173162 0.173162 0.173162 0.173162 0.173162 0.173162 0.173162 0.173162 0.173162 0.173162 0.173162 0.173162 0.173162 0.173162 0.173162 0.173162 0.173162 0.173162
X_13*0.182574 0.182574 0.182574 0.182574 0.182574 0.182574 0.182574 0.182574 0.182574 0.182574 0.182574 0.182574 0.182574 0.182574 0.182574 0.182574 0.182574 0.182574 0.182574 0.182574 0.182574 0.182574 0.182574 0.182574 0.182574 0.182574 0.182574 0.182574 0.182574 0.182574
START*0 0 0 0 0 0 0 0 0 0 0 0 0 0 0 0 0 0 0 0 0 0 0 0 0 0 0 0 0 0
X_1*0 0 0 0.000809 0 0 0 0 0.226288 0 0 0.024293 0 0 0.525318 0 0 0 0.000061 0 0 0 0 0 0 0 0 0 0 0.819905
X_2*0 0.11525 0 0 0 0.051307 0 0.102253 0 0.595343 0 0 0 0 0 0.362421 0 0 0 0.69846 0 0 0 0 0 0 0 0 0 0
X_3*0 0 0 0 0.010762 0 0 0 0 0 0 0 0 0 0 0 0 0 0.670177 0 0 0 0 0 0 0 0 0 0 0.742123
X_4*0 0 0 0.003109 0 0 0 0 0.279183 0 0 0.098857 0 0 0 0 0 0 0.388875 0 0 0 0 0 0 0 0 0 0 0.872382
X_5*0 0 0 0 0 0 0 0 0 0 0 0 0 0 0 0 0 0 0 0 0 0 0 0 0 0 0 0 0 1
X_6*0.000002 0.038698 0.000002 0.000002 0.000002 0.001501 0.000002 0.15633 0.000002 0.493864 0.000002 0.000007 0.000006 0.003913 0.000005 0.617734 0.000002 0.000002 0.000002 0.590381 0.000002 0.000002 0.000002 0.000002 0.000002 0.000002 0.000002 0.000002 0.000002 0.000026
X_10*0 0.303299 0 0 0 0.194034 0 0.188326 0 0 0 0 0 0.276451 0 0 0 0.358136 0 0.201645 0 0 0 0 0 0 0 0 0 0.76782
X_11*0 0.671789 0 0 0 0.26872 0 0.390714 0 0 0 0 0 0.484128 0 0 0 0.265857 0 0.137005 0 0 0 0 0 0 0 0 0 0
productions
X_8*0 0 0 0 0 0 0 0 0 0 0 0 0 0 1 0 0 0 0 0 0 0 0 0 0 0 0 0 0 0*0 0 0 0 0 0 0 0 0 0 0 0 0 0 0 1 0 0 0 0 0 0 0 0 0 0 0 0 0 0
X_7*0 0 0 0 0 0 0 0 0 0 0 0 1 0 0 0 0 0 0 0 0 0 0 0 0 0 0 0 0 0*0 0 0 0 0 0 0 0 0 0 0 0 0 1 0 0 0 0 0 0 0 0 0 0 0 0 0 0 0 0
X_9*0 0 0 0 0 0 0 0 0 0 0 0 0 0 0 0 1 0 0 0 0 0 0 0 0 0 0 0 0 0*0 0 0 0 0 0 0 0 0 0 0 0 0 0 0 0 0 1 0 0 0 0 0 0 0 0 0 0 0 0
X_12*0 0 0 0 0 0 0 0 0 0 0 0 0 0 0 0 0 0 0 0 0 0 0 1 0 0 0 0 0 0*0 0 0 0 0 0 0 0 0 0 0 0 0 0 0 0 0 0 0 0 0 0 0 0 1 0 0 0 0 0*0 0 0 0 0 0 0 0 0 0 0 0 0 0 0 0 0 0 0 0 0 0 0 0 0 1 0 0 0 0
X_13*0 0 0 0 0 0 0 0 0 0 0 0 0 0 0 0 0 0 0 0 0 0 0 0 0 0 1 0 0 0*0 0 0 0 0 0 0 0 0 0 0 0 0 0 0 0 0 0 0 0 0 0 0 0 0 0 0 1 0 0*0 0 0 0 0 0 0 0 0 0 0 0 0 0 0 0 0 0 0 0 0 0 0 0 0 0 0 0 1 0
START*0 0 0 0 0 0 0 0 0 0 0 0 0 0 0 0 0 0 0 0 0 0 0 0 0 0 0 0 0 0*0 0 0 0 0 0 0 0 0 0 0 0 0 0 0 0 0 0 0 0 0 0 0 0 0 0 0 0 0 1
X_1*1 0 0 0 0 0 0 0 0 0 0 0 0 0 0 0 0 0 0 0 0 0 0 0 0 0 0 0 0 0*0 1 0 0 0 0 0 0 0 0 0 0 0 0 0 0 0 0 0 0 0 0 0 0 0 0 0 0 0 0
X_2*0 0 1 0 0 0 0 0 0 0 0 0 0 0 0 0 0 0 0 0 0 0 0 0 0 0 0 0 0 0*0 0 0 1 0 0 0 0 0 0 0 0 0 0 0 0 0 0 0 0 0 0 0 0 0 0 0 0 0 0
X_3*0 0 0 0 1 0 0 0 0 0 0 0 0 0 0 0 0 0 0 0 0 0 0 0 0 0 0 0 0 0*0 0 0 0 0 1 0 0 0 0 0 0 0 0 0 0 0 0 0 0 0 0 0 0 0 0 0 0 0 0
X_4*0 0 0 0 0 0 1 0 0 0 0 0 0 0 0 0 0 0 0 0 0 0 0 0 0 0 0 0 0 0*0 0 0 0 0 0 0 1 0 0 0 0 0 0 0 0 0 0 0 0 0 0 0 0 0 0 0 0 0 0
X_5*0 0 0 0 0 0 0 0 1 0 0 0 0 0 0 0 0 0 0 0 0 0 0 0 0 0 0 0 0 0*0 0 0 0 0 0 0 0 0 1 0 0 0 0 0 0 0 0 0 0 0 0 0 0 0 0 0 0 0 0
X_6*0 0 0 0 0 0 0 0 0 0 1 0 0 0 0 0 0 0 0 0 0 0 0 0 0 0 0 0 0 0*0 0 0 0 0 0 0 0 0 0 0 1 0 0 0 0 0 0 0 0 0 0 0 0 0 0 0 0 0 0
X_10*0 0 0 0 0 0 0 0 0 0 0 0 0 0 0 0 0 0 1 0 0 0 0 0 0 0 0 0 0 0*0 0 0 0 0 0 0 0 0 0 0 0 0 0 0 0 0 0 0 1 0 0 0 0 0 0 0 0 0 0
X_11*0 0 0 0 0 0 0 0 0 0 0 0 0 0 0 0 0 0 0 0 1 0 0 0 0 0 0 0 0 0*0 0 0 0 0 0 0 0 0 0 0 0 0 0 0 0 0 0 0 0 0 1 0 0 0 0 0 0 0 0*0 0 0 0 0 0 0 0 0 0 0 0 0 0 0 0 0 0 0 0 0 0 1 0 0 0 0 0 0 0
